sample_id
178572
26620
178934
9583
373248
9036
98266
22216
820869
132951
27972
27997
7947
21705
179154
373792
178130
21269
131889
10320
8160
179921
62054
176874
166604
147223
178993
168775
171414
21814
119512
9007
27431
28271
25119
26260
122155
28001
119654
177994
373219
7984
26138
179794
373282
9507
6855
26593
374823
8177
9079
25210
9407
10194
57794
9623
26893
75022
28611
169370
7734
20222
820874
48049
6984
28708
179149
373212
8416
375045
25127
28393
179051
373421
119817
177142
7901
374828
57774
747225
26963
375228
814075
26030
8929
179843
26438
28683
117421
27995
107507
24859
95450
179127
24651
9975
27646
179444
164235
9564
25233
12011
9224
167978
27053
177223
28493
9724
9558
10187
27713
7706
373674
28050
28447
8194
9383
179071
6859
11795
24468
26021
9911
21215
148024
167113
177601
9070
147719
25523
28417
10059
177116
182371
373775
122126
178640
9575
28475
7846
21828
28390
813892
24679
147875
7986
9329
20120
26340
27450
7745
27268
177180
165453
373501
24470
20144
20215
179616
25754
26926
8603
27505
10642
28463
8170
169999
14050
374350
178479
177172
27277
147622
34318
7044
26212
374720
147910
22394
26814
373812
25906
374761
24973
57726
28257
146933
374770
167411
25517
26740
146808
9384
26739
164630
182236
11838
373412
27444
75249
24934
126061
7724
141416
7072
164132
10282
26534
148139
373311
27009
9260
6967
7842
57783
8014
171758
814043
26169
147228
148372
11688
26667
27209
179146
374825
9382
28622
374499
11914
176891
8085
169998
373333
24963
48162
26726
375085
23804
27571
373236
177048
375139
177043
812688
168652
177063
8455
813970
98273
1449
11853
374076
9229
28010
9349
147900
8166
165973
21618
10070
27417
148136
373343
7050
13415
27094
53458
28425
20064
27642
165411
98265
27867
9592
164173
28062
820994
373754
117568
147928
17605
26111
167194
10281
179859
13544
16803
21756
164795
170403
729297
8936
169284
373258
373995
7093
7892
178512
28629
147933
166956
165315
374027
9713
26623
25324
27303
26097
814081
164107
7830
373476
26950
177150
141269
27534
10007
25429
27668
178558
26040
11813
147493
178575
119632
47512
25085
34298
179305
22296
26840
126085
373318
374654
7923
164289
182539
179001
57808
148166
179139
24674
177014
178884
18643
25729
27507
167304
178087
9386
24374
28315
58007
7911
25378
7150
8167
48532
7104
8162
8413
75193
22398
23773
25370
25773
25800
147983
164570
373724
24588
61807
147621
7144
177156
7723
61817
9176
375117
9587
27151
147768
27032
11824
95500
9380
61978
164141
164192
179805
26945
164723
373682
9177
182163
26797
27049
177109
812710
25513
164199
165449
178509
26289
10226
7053
7891
75216
28686
705504
178966
48464
101808
171959
11875
21986
23509
27896
374074
22025
75133
373774
27120
146880
8618
9230
27108
9986
28169
7143
75072
178526
25900
9493
7275
22658
25302
27145
8180
25531
9661
179256
375364
25929
9527
165949
374052
7073
24495
122120
166085
26484
28121
9378
28077
26681
27611
820887
119764
179075
22771
27447
8595
9239
57619
8146
25117
9681
146838
7088
164519
171890
164474
178380
8438
27131
25350
28314
9011
182208
9591
28714
164154
178983
98264
373703
9669
373353
23801
27142
27185
177962
27851
179157
814098
373791
8462
27071
166080
179064
165509
705550
101811
119561
164186
164219
10082
48134
26780
27779
20199
27730
132948
179327
7102
9030
9241
9639
8435
27276
177112
7742
8154
373851
373672
7974
20195
179837
23791
75351
21643
8360
26435
24469
147951
176819
6873
8417
11687
10075
182932
8067
27725
176817
176848
373295
147947
8178
128558
11694
375103
11945
23034
9009
373331
27408
9568
176849
26262
76265
375118
8084
374028
7124
27890
28008
28217
7732
11769
28136
373203
27380
7888
27250
374724
28513
25138
26362
75270
122164
164225
373429
164425
9584
26282
27123
375254
28181
179766
11816
177934
374715
28741
28606
28768
26314
373460
60358
177129
75225
7036
28601
119534
27366
27474
28263
167138
27817
177975
20961
820884
28605
119588
9529
25465
166086
123739
119825
8144
177064
8957
146911
28155
6877
148403
25825
8269
9395
7894
9308
26755
95463
375180
27733
374547
820897
7683
26839
27897
28655
7664
20937
50053
179635
820838
26232
8348
48270
164732
8104
27370
27540
147879
165981
28303
7873
23718
169258
48090
373470
164569
176828
25763
373310
10726
28005
167268
34313
26120
132941
8615
9545
10819
25434
820866
812585
7912
26410
119682
167090
22292
178517
164456
167143
11844
28400
178622
169081
27751
148186
27337
98286
48041
10049
119567
175323
24422
164844
25984
24599
75046
373749
147861
27378
375068
148017
179595
141273
9921
26037
11826
25506
95480
177932
11878
57815
813914
374561
26415
373279
147208
373898
821003
117574
178088
374869
9012
27363
147457
6979
23827
170246
698646
25961
19888
24106
28151
24606
27072
179003
373996
28345
22250
27476
27075
47795
25067
8920
9637
25905
48116
48559
178972
122162
148127
26007
179063
373719
28441
179041
374607
25869
131885
374910
8917
9556
26873
57747
375027
9072
11872
21587
27356
7675
10097
820861
177165
375229
178549
25730
177929
28320
9233
9465
28054
7946
27814
28674
373336
20377
11762
9680
373330
18501
7101
8369
148187
11895
27262
705370
374605
179860
27197
820901
164728
166115
11847
10159
373230
9031
10189
6880
25464
9169
373355
48477
8408
27826
164123
177029
820895
6927
8192
167269
26891
75077
166106
165143
20254
729299
11778
24467
27369
9068
10211
164137
24496
814088
8912
10175
53328
62085
25649
7690
10167
166572
23798
25855
9306
10074
373363
8157
27906
177081
22390
27253
164582
375365
23927
98277
8108
177183
60275
28594
20208
27605
50062
177233
178032
7720
123416
182533
21082
147360
27949
166915
8098
8156
177035
179428
25509
25630
48058
122133
373755
26227
374766
24938
95464
375022
21842
7783
25049
25760
7131
10460
179105
375227
8086
22138
375341
8119
374647
7840
119724
164662
373281
26819
10923
28504
375250
374711
26375
131847
375120
27506
148305
179102
8910
98272
25301
119589
28045
75062
164068
9215
26535
26817
57958
9227
25366
27103
179042
374818
375176
11701
8382
373434
7847
128553
9670
24735
27809
147611
23854
28431
177138
177920
178414
179580
26032
20190
23910
107332
27933
9543
48540
6922
373290
8389
27731
179061
28359
374885
75150
47509
57729
820966
7824
11751
25897
373237
374025
7422
21735
27828
820831
8100
9566
27183
7080
123486
8379
10210
167161
8068
18837
22432
28455
148409
8044
10609
26178
123614
164873
26409
373793
175679
48140
8171
9662
10010
7983
147239
27324
375194
177200
8613
23847
8190
8569
178536
169044
26145
24402
28483
95473
11891
20228
28039
28236
25326
10185
10237
374022
7065
25498
22288
75099
117578
813888
9708
165459
8097
26248
166933
10096
24594
95499
7052
27594
85417
166977
117140
27180
164354
164468
75380
8796
9265
374617
7785
22181
25969
24611
28043
154945
179787
374805
9706
11980
11742
179543
820886
23974
375039
8135
24532
26918
147814
179066
375101
147547
23770
27981
814001
8461
57723
27107
47994
168676
814041
25074
26150
11815
25694
26304
27859
147210
8159
11706
26101
9982
57745
820993
57628
9557
179779
21753
373303
7780
20158
7712
9634
27096
28591
21841
12019
178487
373871
26742
178573
373816
20227
820873
8403
27759
164211
8183
24862
27106
177924
165924
28268
10329
8176
10148
26560
10225
1430
9231
11680
177095
27585
20216
27768
164149
27715
27724
23889
24565
27065
373794
373251
375419
101782
179136
7179
20264
812617
10200
22739
166340
182689
22263
28739
147715
164088
167188
8737
58136
179106
8126
10359
9179
374067
119524
8181
373371
22137
26038
165964
698633
28649
164091
164093
26443
27410
141272
178051
27666
28369
373425
7688
20192
22002
75184
26848
7048
27174
131907
374700
25677
57746
60276
28019
10265
375388
169997
10093
23508
373962
146907
171017
375196
119539
373335
26236
10168
8121
9699
75242
61879
28354
8426
177210
26939
820965
20426
26428
178081
7728
24615
27063
148301
11692
147800
28024
176830
48089
119570
705575
24916
147872
176954
61889
148270
374602
21654
9683
375206
26454
729324
164874
6913
8158
22436
8368
9625
57766
178125
373477
820898
7812
26092
26974
27177
11794
11905
57725
11973
164668
26233
28439
373994
132953
7047
9236
95458
10231
20401
28585
28424
20709
12803
28323
61835
14778
25259
8124
166636
176883
25715
9427
164097
20415
26148
26631
8110
27553
8153
177941
20204
28168
10038
24509
177041
373466
