sample_id
117768
138676
170639
177187
10361
117627
26542
173074
9159
10864
26584
28078
57751
177958
7663
120700
138348
58186
22767
10422
57870
10713
28448
10695
26598
10609
26531
26569
10584
9152
28249
58131
141425
27264
58023
10505
10923
22739
117697
139505
22749
26681
126099
26892
57926
57972
126078
139523
27364
58071
10578
27489
10526
10639
26377
78273
10412
10587
10688
10171
10944
117692
10502
126093
26611
58203
8394
10937
98269
26599
141415
10555
28176
10263
117751
165227
10400
705407
57881
10705
10373
10782
26937
166328
26940
10848
10889
139849
10328
10559
26559
10712
11997
10926
177171
10446
140213
811467
139810
27619
58030
10432
10897
10811
10343
173053
10162
22752
10082
10452
177257
57983
126044
133279
8421
10772
58148
10893
28516
140640
57842
140488
140815
10611
27046
10762
10621
57779
176791
120654
126053
10615
26453
139565
178185
10831
22762
141432
10442
10632
10898
28134
58012
176888
26931
141377
170875
176863
117715
10449
57835
10721
117702
140542
27053
137666
57939
139625
177114
177219
10363
9177
10909
57833
28669
117732
705416
117685
126119
140537
178200
57892
173039
126090
126094
139836
26489
10522
10735
95542
141384
28206
10837
27048
163633
22756
117728
126056
813911
27559
10164
10613
10684
58128
9464
27522
26576
163630
165223
176790
10481
10433
10881
173079
165228
740977
10790
22730
10701
177192
58149
141404
177146
10405
10715
117738
9254
10464
10664
117773
140517
140541
10352
10871
58179
176847
119529
119520
28683
95580
705396
10560
11971
26951
27347
117737
10665
117628
10949
28183
95614
173070
176859
10544
10484
57924
120678
9213
10541
10556
28118
95506
373440
10342
10681
140786
166498
10702
133284
10396
22769
27092
10583
10752
22732
170633
139715
170727
173035
27415
28228
139623
10786
741003
177007
9247
177201
10311
10692
176833
163837
10493
10749
177260
10818
27654
10672
178212
126058
698648
10726
141414
10791
698636
95577
117650
176896
10499
10841
117716
117722
10680
10133
10624
126054
10514
178207
117723
164883
177168
27496
10600
117647
58185
10754
26522
27695
168064
10423
26862
117690
173056
177972
176952
119514
26636
10371
57840
10523
10936
10945
27112
117769
22723
176912
10390
26546
28168
26816
26927
27912
140743
95505
126085
22781
176907
173088
176811
10875
10905
171035
27323
58174
10101
10293
117667
117757
95587
117713
10551
26915
57999
126060
126108
26543
28280
171016
27016
9987
10360
26544
373220
10517
139544
8412
10549
26695
10337
10370
10463
22719
22760
57938
176915
8356
27253
139656
175552
10915
26872
27184
126088
10479
10552
95606
10410
58138
95608
22745
58126
95554
10916
173068
10892
126076
177263
10531
9221
10454
57872
178197
10571
10903
58144
95537
95594
10877
45594
10599
139858
164461
10158
176910
178215
178213
9265
10743
10576
58625
27267
10901
139536
10477
10612
27261
139624
170923
176862
28222
62097
117088
10625
170763
126070
57875
10849
58025
95456
10489
58166
133242
176973
117754
119629
10859
168229
705404
10845
705411
173027
10567
176905
140782
10387
58158
180379
10194
10627
26596
28122
95572
166540
10381
10832
8724
58163
10663
10401
27731
117683
176807
705410
176891
9905
10440
95591
10382
164404
7313
45531
126095
173037
10418
58152
10368
740970
177189
10886
58151
133286
139626
164873
173057
141372
10340
26986
10594
173081
10722
57973
95579
117720
95605
117734
705401
10798
176874
117595
10843
27449
178210
178463
10636
10638
10402
10711
10894
57903
26503
141378
27585
176803
57804
176848
28426
10184
141440
22750
117724
178216
8375
164871
58004
95458
117756
26593
50061
9244
117755
178199
126064
170684
10507
10660
26518
26968
117739
10420
176904
22773
28645
117766
133271
27506
117710
117733
10813
95523
95616
95459
164892
173054
9967
139879
173066
177199
10651
126065
28115
163647
10866
22785
176920
10398
10747
26586
28204
10742
57907
22784
10521
10141
10799
170804
176925
10880
95625
132952
178505
26732
117742
10888
120685
10070
28640
170822
10428
57961
117719
177258
10781
10929
10144
10495
698640
140540
58033
170721
698646
176918
10597
22751
141406
117712
10867
95514
10365
28151
27185
28281
22736
133281
10924
126072
10443
141445
10374
10610
57928
95529
10437
10619
139846
140793
10550
10389
22754
27054
10566
22729
139842
176972
177202
176956
10780
10720
10815
10835
27101
27445
27797
22664
178193
10650
126118
740962
740969
9230
10417
22734
22724
26439
178113
26920
28238
166345
177207
10483
22735
10237
22819
126062
9158
126092
705420
10785
22714
166098
10851
10842
133272
705431
10469
169278
171014
10844
10530
22774
10392
27004
57724
133252
10476
10642
10592
178178
10596
10386
10407
10912
139746
10753
95462
26577
95544
126051
10724
57980
58134
10614
10673
141387
740974
26919
10528
10795
8393
58195
28510
126126
163852
58160
58106
120713
126048
10458
740963
10435
10800
139653
373208
10690
28159
57820
119707
10486
170623
120681
10473
10480
26536
177151
10698
176917
164867
11959
10682
10917
9136
26452
150438
10634
58135
10861
139546
171959
10847
10641
178948
10589
176825
9707
10455
10393
179541
10691
176877
126123
166406
177031
10434
10920
170784
27729
28209
28200
176806
176919
10921
117609
126081
10774
95525
8379
10561
10703
10574
9129
28166
57911
58143
10447
10676
117688
57879
139556
10819
133270
10406
10850
58088
26352
10706
10750
10858
10510
117625
28571
10718
10823
140668
10662
95617
27397
117687
10500
95566
120653
126100
26806
178367
163639
10563
164744
28585
57914
10430
136208
10891
117764
10108
141436
177159
10450
57864
10457
10694
28233
58150
176854
126109
27343
740987
173029
10794
176826
141457
176951
177251
178188
10298
10394
28513
57867
58072
117771
22742
133269
28135
176962
177265
28091
166514
10367
57739
177259
139798
177099
10766
28647
95533
27037
133253
10048
28153
26553
27222
10810
10572
95609
139643
22740
28180
10384
373494
10451
705398
10657
27226
126130
10784
10491
10879
10357
10474
10482
57970
126104
740968
126079
139552
9982
164865
57993
26903
163870
126131
814044
10080
119521
117745
10168
22786
120642
164491
170997
10857
22747
10580
117682
141434
10801
120708
139754
28073
57876
10304
10539
10570
28199
126112
173080
176959
10553
176913
10214
10490
10494
177188
10511
10602
10670
10885
139683
10907
95553
177018
178883
57925
10426
140698
163636
10353
28127
126101
7322
9133
163620
26621
57930
10512
141371
10439
10492
10573
57977
140807
10687
10922
178435
95619
26980
10372
28515
10533
10812
95490
176805
177183
95578
176902
120715
9229
10518
95583
173059
9965
126074
10385
10414
95532
126086
95502
140491
27423
28259
117749
126084
126102
7657
117730
10733
26533
10590
139848
10189
11957
171015
10846
163650
168017
10940
173061
22725
95453
176818
10347
10741
166918
141416
58608
10595
10622
165468
117602
26983
126061
141430
10403
133287
10607
22717
58154
22768
177270
10604
10581
10808
10787
10377
57991
170777
10527
163876
139800
117750
164596
373497
10853
95555
10748
126071
10925
28185
57922
10341
26905
27341
126128
7666
140726
10744
95570
117763
173043
10167
10946
126091
177010
10548
28728
177162
10620
10793
27688
177182
170663
10868
139839
173077
139606
141435
178196
139636
10623
740972
7671
740961
119518
698641
10475
705414
10395
139654
163665
176828
126083
177009
57895
139555
10952
7662
177224
177253
26647
10569
10862
10856
141402
179308
28439
9553
10438
28162
10873
139838
95527
10339
10472
26490
95545
176841
10740
120670
705397
28541
176838
177194
176817
705441
10338
10425
95526
10356
10424
26549
95582
10419
10461
58016
133260
10674
22712
26566
26789
10884
133263
27009
166512
10697
10278
10616
10825
163599
9171
28700
58000
177160
10890
10869
95528
170762
10562
10934
139837
140787
173058
10358
141437
10598
705402
9192
9591
10542
22737
22765
10557
10329
138147
10267
28147
95503
126067
27486
177256
10431
177262
26614
177197
10497
176845
57978
164874
179601
171039
139655
177191
373508
9188
10729
10579
11964
177006
10761
58037
117600
170992
10327
117705
10135
10456
26595
126120
176823
176892
58076
163631
22771
10689
57908
142845
10503
57861
126063
170998
177206
26623
126068
27551
28245
95451
178214
95601
139694
176924
10485
139484
141395
163600
10732
140526
10183
173038
58156
26943
10488
28236
10468
10775
95517
164088
28193
9082
170866
176893
27503
45443
176921
10677
10855
373505
10935
95565
117706
126115
10354
10462
95585
119700
9983
95540
10914
27171
10253
163641
10608
27678
10586
10767
10436
10441
119738
165226
10213
58176
117718
26703
10515
58003
117670
10170
10459
57658
140557
163628
10783
45589
95455
10391
117695
141442
10359
177266
28160
176916
10942
95457
170647
176923
27864
28254
117772
26898
10630
705436
10678
10415
10887
45415
10603
58061
126124
373627
57966
60356
139644
176840
741015
177045
10429
26603
120705
176906
177020
10076
27095
10399
10501
10671
117632
95569
177164
27129
95571
58050
10379
10591
9191
28755
165932
7672
28240
139545
26449
27098
10322
10411
10863
22757
27624
176911
10375
117684
10568
141385
139840
176849
10593
117735
165225
10564
10918
26558
8381
177208
10878
22782
22775
58041
10349
95581
58051
176819
26339
28120
141419
178183
57909
10197
126073
705406
9223
10709
9994
11967
26897
28769
9259
95538
26821
173034
178900
10404
119713
58171
95613
170795
171040
120712
117753
141427
10547
58008
178205
58028
120650
126050
7664
117714
176824
9140
117743
166506
95546
177198
8128
139651
10366
10739
22748
26971
27229
117704
10369
95500
176895
698639
176889
178208
10508
7659
120684
10409
26813
126103
10617
164870
698643
10116
10565
176955
28163
58070
373199
10558
10788
178186
10460
117711
170807
126059
120688
133262
10383
26764
165630
176928
10364
58168
10930
7674
10540
10504
119524
57812
58119
8409
