sample_id
10743
28406
155666
27712
28348
28353
25946
25214
373949
7985
10677
25626
9169
24972
155608
141162
28123
26123
27025
27734
25990
26549
10619
26996
27044
705411
27260
26388
24991
27678
24865
9643
698641
26334
25258
27641
28203
820884
25518
24489
25078
26852
25620
28419
830327
10437
27385
739224
25474
26360
27181
24433
24912
25426
373429
25068
820911
26595
25073
57739
25786
27402
24590
9640
28028
10632
10709
26240
25116
27496
374781
28058
28737
27899
26594
705402
25943
28116
10120
9527
27126
9459
25846
24898
27537
9493
820886
820964
24427
24438
57829
57737
22660
820985
26404
7472
26923
10682
25060
25947
10698
28239
155578
24742
25282
820901
26537
9552
26609
24924
26557
28564
34466
26439
25268
24662
26369
9462
155639
57819
26464
26911
27077
10359
24349
705432
9683
58147
22568
27888
26898
26124
373508
28486
27420
26607
25055
10681
25480
28668
26118
27336
22947
25882
27654
155554
7744
26000
24726
9547
820853
10713
26110
25031
