sample_id
117624
171313
174347
171314
172617
133246
140782
172458
173621
177912
95582
178194
126107
172627
167391
181309
117609
176848
177719
58028
117771
174371
175545
119710
126128
177895
166155
178208
126073
178171
120684
172450
173617
117710
120650
181284
171341
172657
117632
126062
172473
58143
172478
177164
95546
171329
173053
126109
175099
177958
177888
95583
140526
173578
126123
175152
139858
173038
117706
172440
717356
95596
175159
176826
173257
139644
173385
175092
167979
176847
176858
177235
133249
165932
52469
126105
175170
117726
175130
22851
140807
175166
57972
117764
172556
175121
178216
45589
173372
140787
141404
126065
176927
119738
178214
58000
173043
132957
167622
57928
171339
176791
126064
178215
178505
171354
172420
178156
95574
173570
95526
126070
172521
172611
175102
181317
171303
173261
173434
172465
176839
58195
172561
181320
177904
133281
138676
181325
119629
165996
133245
172461
172401
95455
174376
172469
95564
133252
175115
178192
172452
173422
173482
117723
178163
171296
171353
172655
810099
166814
173390
166188
173402
117625
172492
58128
165997
175089
171299
177887
175148
174373
740982
52562
176801
172577
176803
132962
173478
181642
173476
176914
177206
117627
173452
172599
172653
57876
171238
176823
176958
177208
28162
171241
117647
171257
175116
120654
172550
172559
173254
52566
132952
173475
173522
180379
171315
172609
175134
176846
698643
740962
133247
177916
168012
176840
95539
173404
177045
172422
172372
119734
176819
172468
173420
126126
171301
181123
117754
139800
171351
172383
172619
117704
173265
58186
171352
173077
120712
168060
58138
126102
173615
176955
175171
178176
95514
117684
173471
126063
178212
167912
117687
139840
176833
45594
117772
126074
176916
177270
172511
172567
176513
141425
57922
165985
167047
172397
698639
176971
177023
178193
58134
177224
172600
176440
57924
177899
176792
176855
177146
173408
177114
95537
138348
173544
176959
173616
176522
171310
176381
95580
120688
140793
173384
173433
171252
177194
95572
173583
172621
173273
178189
133257
140557
165810
176831
177708
95581
177906
182079
141432
165811
126068
165719
171319
181321
168211
172415
179601
177160
173445
174362
171251
58203
173388
176919
57875
177251
178205
171282
177256
178178
172424
178155
181306
117660
173523
57961
175132
177258
141434
172543
176866
178202
58003
172435
176881
167676
171247
120681
172456
176841
65712
120653
173524
178900
175094
177721
117742
178149
117733
177020
173456
53839
177198
58106
78273
177910
58050
175535
181260
173546
176804
176913
126086
740968
177893
177896
171245
171307
177262
178168
171336
175129
176918
176920
117712
141415
173571
168274
172412
178159
139565
172378
178187
176922
177168
173446
57895
176483
117682
175143
172493
173410
181239
117715
126098
173453
95523
171343
173547
177263
178179
176378
178154
126101
126125
178173
177009
57820
117719
176889
95462
95620
62097
126091
172377
173059
177911
176925
57970
173394
164961
172666
175161
139715
133260
177715
57840
172565
172496
57861
698636
117768
172530
176818
139523
172438
181282
57864
141446
141372
171264
173272
175128
172608
176887
181254
172620
173415
173533
172615
740969
173624
95613
126056
173386
120642
172646
176714
173470
171306
132981
133255
165807
175142
57892
117088
173392
117765
175090
175114
58004
173580
175165
173412
176844
139653
180499
140726
172626
172637
172404
178198
141371
165775
171250
740987
57903
172610
177086
172603
173414
176837
176624
173368
177162
178148
181262
95556
172498
173479
126089
181279
172651
95619
126129
173586
175146
171273
171316
172411
172549
177897
26584
58076
126106
173458
57939
45443
176877
139323
167983
169278
172504
126104
172406
698648
171320
173457
178220
173425
58033
95585
172650
175162
95540
58088
178184
117688
171346
172631
58061
172677
172497
172508
57938
171243
172635
95601
174344
172667
126080
126097
172423
173039
176559
172532
95505
126054
95570
141395
173419
176903
95594
119520
177914
175112
172449
725762
177972
95501
173484
172612
178170
181273
167926
172467
178113
180575
58135
117695
172639
178146
126083
57926
58011
77894
178211
173432
177711
117600
171284
177007
26872
173255
176746
172643
740977
133248
141450
117750
172678
173493
95490
166186
173268
176805
178164
141448
172632
173423
57977
132955
177902
167715
171338
173057
141445
173576
178175
140786
172602
172648
173274
176545
166033
175108
176864
120715
126130
173389
173508
176850
173259
173418
175157
175169
95606
139839
176365
177197
177884
57993
172466
172593
177900
126081
58166
140488
172664
176872
95527
174356
95560
172444
178199
172455
171325
95457
177905
173430
173464
177201
95559
172660
173449
167723
126050
77962
178150
178435
95517
126077
168229
95528
173472
175107
177913
168278
173373
173538
117692
172457
95553
173585
171335
172597
172676
133279
26919
177260
57914
58174
171328
172640
58072
95525
117745
120641
172669
740961
117751
178185
172607
139546
175104
52593
178172
173034
177723
132995
177259
178183
176557
177892
699959
95520
178367
58151
171298
175098
176576
171297
172563
57872
172553
173577
126048
58119
165015
175164
176886
180574
57925
117648
171235
175123
117757
120666
126055
140640
132988
165046
172665
179541
178182
174348
172520
173552
178147
172433
790260
117766
126051
176465
178157
57980
139643
740963
133263
133270
176904
117718
117763
133273
141377
176891
178166
95544
95453
173448
139846
172595
177720
176615
117595
164896
167376
117728
167591
174377
175110
177099
176470
57983
117738
174374
117773
172605
117655
136208
171295
172432
172652
176471
176835
96124
117714
126078
171321
57658
172529
176813
707399
173393
173499
167106
176892
174339
52648
174368
180513
175160
141419
173436
174358
173262
173421
174366
173568
172388
176817
698646
176900
168124
175105
117667
177189
172613
172622
176905
168064
95538
58131
95542
172399
176860
95512
141414
57978
126072
141416
176977
178209
178203
172645
173403
177199
177881
173509
173581
117650
171309
176861
176928
177891
58168
117724
142274
171267
117743
173584
57835
139879
140542
166799
139651
171349
172410
176972
181288
173473
698635
58023
172431
176933
177716
58012
177266
176888
171269
181295
176862
120708
174375
176629
177253
181259
173269
126115
175141
176907
172658
98269
126084
181289
172482
174360
95587
175091
177006
57911
172425
173079
117661
178169
181294
176956
126093
173266
45415
95573
177713
117730
139655
172403
174359
175122
172552
172616
173549
173579
172596
176852
172418
176882
173474
126110
173496
178213
698641
95500
172560
178210
141442
181277
57930
168017
178200
172451
173468
177171
171330
178191
141436
179308
171334
96374
171288
176893
171262
172601
173270
178219
174343
132965
119707
139536
95617
172575
139656
140537
57908
178883
139624
176832
95579
171348
175113
175149
741016
142845
171261
172562
173480
58152
172393
57907
177191
176874
177901
177879
139552
173481
139626
164984
168289
171340
173391
173622
95569
175158
171253
172604
140743
133284
171308
177202
58144
167241
175103
176842
178207
116956
178463
176828
177894
178948
126094
141376
172394
174372
176859
177882
139545
173504
177915
139505
171280
173450
177010
181290
95565
171317
173465
126058
167027
177188
132971
171242
172668
175111
175127
176952
175156
126124
57870
58126
740972
173573
174369
176843
95616
172395
95506
167636
172463
117602
173460
177909
178165
126085
175174
178158
117653
126095
173035
140668
181300
171324
178151
172618
173462
173271
177885
178186
166777
126060
141430
173572
176885
172408
177151
95625
175106
172448
173440
126071
172400
176493
176845
117701
179142
52535
176807
173435
117739
133244
167012
172426
139606
173411
178196
95608
173398
176790
58025
177207
57991
175124
58030
176824
171345
173054
126120
175100
57812
139842
176902
178201
175096
175163
117755
173469
126067
174364
117734
133262
139625
172642
139798
173258
133253
173566
176436
166153
117697
174378
119700
95562
176834
126131
140541
57867
140698
172555
117713
117727
171327
119529
139810
173510
34336
176912
95459
178167
178161
181283
166098
95555
117756
126116
177889
176652
57879
141385
139623
173260
95519
173383
173442
167235
171265
177883
141384
176838
117737
172628
173379
173502
174361
95503
58163
172566
57881
171355
117683
172551
173483
52359
58037
58185
117685
172663
176788
133256
173575
176863
171342
173467
176806
740974
95516
178188
57966
58008
58070
139636
164908
171318
57842
176906
176896
176973
177187
171271
171292
178197
176810
178177
171870
58041
139838
173417
174354
174345
176921
117720
172614
175172
117693
58171
126079
173574
176829
177182
164585
180455
27037
176899
120685
175155
177886
139746
149984
120700
126133
141387
172654
176392
126044
58016
141427
172624
181099
141440
175145
179549
133286
117716
117722
171326
177159
177192
177183
95578
57751
126112
126061
139836
172442
171258
176849
139849
173441
176910
119713
172434
139556
178160
96355
173253
176870
176923
117705
698640
172398
126099
176394
173567
173380
172641
141403
176865
177722
177880
177257
177710
181303
172606
172644
117749
141457
57804
140517
172594
741015
95554
139848
150438
172427
173528
95599
167974
95545
117770
126059
132966
171291
140491
171276
117628
126088
117732
175101
172429
126119
139694
172446
173375
173428
171270
175168
171300
27098
132964
173521
141406
175109
171350
58179
132980
140815
176909
172633
173276
173416
175131
126090
126108
171323
117711
177265
181249
172574
177031
139683
172623
172630
178204
175135
139837
119616
173406
171286
95533
119518
58051
176895
172436
177024
176987
117670
95609
177018
181310
141378
141435
171272
175430
117753
173267
175173
176951
173263
172384
117748
119521
173397
96375
172512
58176
173489
126092
173620
176880
57854
141437
171263
175154
120670
133269
95566
117690
117735
176962
139544
95502
126053
172387
172542
95458
119524
28078
172447
181345
173409
172647
172417
139654
171311
173275
175406
175133
178190
57909
175140
176915
139555
95591
139484
172638
174346
126103
126118
45531
133287
126121
173400
176811
171302
176911
181285
95456
28426
172439
740970
120705
133242
95515
95577
173376
126076
139754
181268
58071
120678
166126
95571
117702
132974
173569
176854
137666
177219
57833
173454
176908
27341
78052
95451
172419
173439
176825
172441
95529
132989
126100
95590
171266
176917
172544
172629
173370
140540
173501
811467
