sample_id
830320
57832
57867
57864
57725
830311
892565
57855
705573
57628
820907
58035
708210
57765
708258
58108
708230
21541
708237
57881
57780
57941
812539
58095
830317
58063
708217
21553
708249
57597
27975
828777
57903
830359
28168
58049
830331
820911
708254
739130
20254
8843
57894
708240
705578
57739
713436
57612
58007
58185
57744
8757
830376
708208
58071
821016
830327
57890
58127
57610
57940
57992
820855
820991
739123
708205
21542
713443
57775
374685
8838
57939
708204
58104
57745
57757
57586
708246
708233
57984
9994
57966
828772
57728
58131
57771
830374
58101
58143
708253
58195
708203
21134
57768
57791
708241
708247
58128
830307
58088
57872
57766
705574
713441
58061
830304
830295
708214
821046
57591
58018
58039
57737
708250
57604
58086
58138
713444
830303
705393
57723
175280
58135
57776
57755
57989
57933
708235
58197
830362
830318
58093
57781
830294
175330
820988
58034
57892
828775
57965
57782
705372
830322
830312
58111
708238
58099
708229
20122
708215
57759
57761
22121
58046
708213
58183
57795
57751
57980
58072
57837
57819
58017
58062
374676
828786
57717
57930
21138
57767
57987
820910
828773
820880
820833
58125
8758
58058
830328
57911
58021
820903
57583
830313
58186
57578
27907
830310
830375
57754
57924
57758
57885
57909
705579
708232
57919
57977
57778
58098
708211
179615
705576
57773
57756
58087
708252
57788
58070
57568
57796
175591
58080
708225
57580
58123
58037
58174
57861
830340
58051
57607
708224
708231
708236
830336
708234
828785
374668
708202
57789
830316
175597
830330
57760
830321
57991
821047
708212
708251
58115
57848
175653
57801
58097
708228
58043
57738
708242
57718
57963
830296
57726
175593
57902
57906
58042
27922
830329
57972
57777
57792
57797
830305
830361
58117
57810
57907
58038
705577
175551
374657
57983
830308
57809
58040
828783
58172
58025
837190
57961
708209
820984
8761
175669
58091
57750
821003
705570
708259
57869
820969
708257
830298
57888
708261
22373
57576
58105
58000
705572
708220
708260
8835
830297
57804
708201
708244
58067
708227
8829
57741
8901
58139
175609
58126
58110
830358
58041
58030
830302
8839
57808
739129
57772
708206
57821
57840
21841
57790
828782
21486
57908
58136
705567
739115
57993
57812
58023
708223
58144
57986
57842
57784
58113
58055
58171
58189
57960
58179
57779
708255
57931
820878
58180
708218
820881
57572
58008
58092
830326
57973
830299
708248
830315
57820
739114
57736
373276
