sample_id
58197
57760
830305
57604
58195
57768
374668
705577
8757
705393
58135
830321
57842
20122
57940
57992
57583
58035
57572
27975
58144
57991
58037
57941
57759
58131
57773
57908
57766
57771
830376
58093
57612
57963
58125
58042
821046
57797
57894
58097
373276
830361
57864
58062
57804
58117
21134
57765
58008
57972
58007
58049
830294
58136
820911
58095
57610
830298
830328
57586
57779
175609
58186
57750
830318
57919
58098
58113
57777
21138
57869
820855
57745
57597
830375
830358
58111
57867
57907
58123
57881
57791
8835
57902
57591
57757
58018
57980
705578
57737
830329
820988
830315
821047
830302
57767
705574
8829
830340
57808
57784
58183
57739
58138
8839
58088
57754
830330
57885
57892
58086
57782
57772
57792
57809
175597
57788
57761
830317
57819
58051
175330
830313
830331
57832
8901
830308
830295
57973
58105
820984
28168
374676
820833
374657
820878
58143
705576
57781
830320
58080
705572
830311
57903
57801
57909
830336
57965
58087
57796
175669
57728
58070
57568
57718
58185
175551
57812
58126
58171
57848
705567
58039
58055
58180
820881
27907
58000
58101
830303
57930
57726
57933
175593
830362
58139
830322
58110
175591
830312
57744
830310
57821
830326
57820
57780
57924
57861
57993
27922
821003
820991
830374
57741
57725
57790
57717
57576
58041
57795
57966
820907
57983
58025
57931
58063
21553
820903
830297
820969
57961
58115
58189
830304
830299
374685
57756
57789
57746
57607
57986
57776
58061
21841
58179
830359
58067
830307
21541
58043
57751
58058
57911
20254
830316
8843
57628
58030
830327
705570
57960
830296
58021
705579
57987
57723
705372
21486
57984
58174
57738
57840
58091
57872
58046
175280
58128
8761
8758
58034
57906
58072
57977
57580
9994
58017
57810
57855
58108
57758
57888
58092
57778
57890
820880
57775
58104
58010
58172
175653
21542
8838
58099
57755
820910
705573
22373
58038
57939
58040
58023
57837
58071
821016
