sample_id
811534
820978
119518
175406
9662
140563
141967
28153
119750
167755
708236
811804
116533
820875
821001
116522
165061
175669
132952
820990
705450
27778
811749
58067
8046
808370
811763
175089
34402
168295
55869
176449
34167
119511
139705
705354
15298
17631
707384
34438
837187
27979
57708
140528
821002
165736
811584
164939
167285
812531
8297
739127
811737
820838
708200
820852
176922
9965
18546
165987
811626
167594
180383
740991
811807
107341
135563
811703
808393
811524
8137
34403
34464
167999
705462
820962
8285
811853
165201
708252
34568
34626
12160
176507
166626
837185
8022
9468
139690
139798
175653
705541
176581
34424
811580
820994
9588
10302
107398
136693
705445
34401
50026
7297
705365
15688
34436
373228
811801
10695
57872
181637
820901
8934
9016
167722
705507
34455
9014
12788
28137
811442
9709
164991
8079
8962
9704
139684
821027
166012
176976
705426
34435
34604
174824
168239
8320
40651
95468
141381
34862
9936
165996
167242
8154
705579
811706
165753
811738
140705
808396
812521
34388
45422
119661
820863
168053
811756
176921
811566
828786
176970
8328
9989
34743
708224
27866
176391
705418
34334
708221
811645
9046
164917
811770
820886
820970
9658
27917
705559
9948
15576
19147
837186
139641
946366
34426
790021
166758
820986
27975
167312
790028
8334
373478
12807
57658
811745
167052
373426
140727
7856
7921
820905
57882
811814
34795
34735
167728
42127
8920
11928
8067
168272
27959
135475
790048
95479
34430
167250
167380
5456
96358
34715
708208
10048
176456
137829
164900
34585
705481
811774
17909
139682
177115
179884
373430
811963
166032
54757
170867
174880
34447
705562
9516
164321
166762
167260
811960
40425
142274
176512
811797
811812
9008
139635
713452
8236
708247
21486
708211
811752
179605
808408
139683
164918
174826
27906
167038
28010
28019
95453
119524
168090
8318
34336
18735
54782
808402
828783
7983
88098
34583
140618
811798
812538
176402
166133
166161
134652
95456
119799
176623
165811
179613
808377
9063
179635
9255
168082
812539
28026
150075
808369
34375
140770
713435
708231
13060
140517
811961
811768
95466
810266
713434
808399
740995
126109
140537
83926
705556
27738
168197
705463
708210
173510
170880
9612
95493
34664
34711
808406
821047
34713
9524
141385
18928
50045
740989
7864
16453
34269
50379
705360
9066
164317
705367
708206
176521
177146
705364
708337
11946
57963
177265
790019
139495
812526
9688
167977
179906
34775
18035
34606
373227
811555
166145
708251
8839
132954
119525
164894
811827
8925
119743
34328
811755
168116
16673
107251
8296
139728
166780
708237
176679
8032
34467
140333
7843
177027
705573
892571
166808
176988
708209
34828
119595
166753
176378
705550
820880
8216
17954
139837
373588
705451
164320
95500
9935
177258
107471
708225
21541
8322
10234
8304
34665
167735
177001
811818
812524
811731
167929
811805
168287
812513
174814
741017
165741
820899
139681
140514
167921
34868
140557
705370
164940
168058
179622
34788
34768
137988
811549
168172
811788
9664
811721
8218
9589
705512
820958
708212
176510
811627
820843
9076
168033
811800
54708
141371
713453
739129
119711
167035
705577
116548
168270
57984
140596
168121
34193
820991
8336
9513
168201
34846
812543
135838
9636
54747
119738
705503
741003
9017
168274
166791
171320
95497
34345
167392
34622
107261
136946
139711
176476
34761
140697
9699
27982
167045
8938
126072
707388
708240
168119
8924
34725
808371
828774
34797
140693
713444
167254
174911
9576
52774
8227
9924
165999
707424
9029
107322
166998
811765
8969
10857
34876
176654
139854
140615
126061
808373
139691
811782
11923
821046
166157
167644
177159
739114
57979
708257
811781
707404
8321
9622
165998
820971
167582
168196
34762
126058
811767
116563
708259
139838
167395
8319
165017
373592
165071
10155
8025
88092
135860
88095
135067
165690
176530
17093
134649
27907
176578
811535
10312
95473
167939
27827
119706
165789
34782
27850
167727
811730
866
12988
107250
811758
8203
705546
7958
164946
808382
176309
8951
57909
179614
707399
708226
811722
820832
811723
9931
176595
707428
811611
811748
8283
140722
820866
166159
167924
174810
180477
740994
9646
16828
15600
56428
134647
373615
28013
811436
9235
175530
820865
9127
166003
9615
27916
34351
820960
820980
14408
164924
179850
27777
820830
34783
119719
820992
34335
28213
811777
9970
28036
166001
811507
811816
107259
119628
140503
164322
9294
713442
843033
140567
165791
34736
10209
8008
8133
17714
139091
5455
116573
741009
741020
13566
811964
8050
179612
171335
705548
808366
9077
167662
27284
119713
167709
808379
126056
8037
10039
28224
705457
11684
172431
140752
811962
708218
8175
27878
58615
140772
180377
790026
164990
165060
820842
40654
34793
50385
373610
820848
790022
811766
8342
11696
119521
8243
95499
168210
165005
176415
165717
166135
179603
165986
808398
135546
141435
166778
820873
8926
166798
58138
167310
373216
88113
95457
139665
167946
790046
8142
790047
22778
53947
139689
705446
820864
168099
176480
138431
166176
820997
27886
34434
9623
116559
165993
8011
176500
179607
713438
136483
8422
58080
9133
708217
9715
34386
8229
167764
705555
707433
8982
107463
820909
38987
140749
8843
139664
739115
34374
107561
9938
177253
705361
820898
168128
713458
820964
8912
167235
705393
8273
741004
34465
83922
810251
713460
820900
9666
34763
820911
28044
167389
811773
811734
164906
729356
708215
10116
34618
708220
107310
811712
811794
166023
9652
107417
167725
9908
373217
34703
713441
116569
34750
95458
137987
27876
8038
34354
117566
811792
11705
10043
166038
705547
811608
34821
175551
892518
168124
705570
95498
164960
810267
34742
708364
9375
10015
54433
168251
821009
7837
812534
169338
373214
141806
705363
808409
119613
167942
36051
10810
165197
705508
34753
713457
170848
175398
28015
705542
8228
176547
705578
14092
34752
167612
713454
8316
8330
165728
8761
34619
170948
837189
27883
56780
811741
8159
27814
9672
164994
11798
34314
708222
135829
811791
107571
812537
811717
741011
168242
27737
134643
811784
9206
5459
808403
19156
34459
168296
8955
176663
9647
811537
28032
140555
9608
9003
28034
739130
34755
34400
166165
119508
165710
811778
139754
164930
107301
139825
18635
57919
713437
811129
741026
707430
892577
705371
8028
808375
167679
175465
175476
175132
811819
28168
165719
176650
136886
810172
8194
9611
34812
708203
9045
140556
107239
705353
790045
27763
166164
811641
892551
164976
820853
837190
705537
140204
164904
811779
811795
373593
811771
708258
837184
9730
34391
811612
9665
820831
9994
34832
708232
373495
808378
811831
10046
119632
811711
180385
22771
132951
713449
820907
58097
164905
373276
9027
9922
34410
808385
812536
708234
811787
8990
10217
34437
139732
150511
165076
373589
9642
34617
790027
28024
177269
10184
167907
828777
95454
180372
180384
7846
167369
9521
138455
11934
139693
168077
811572
820888
164986
167255
140826
708246
8107
95481
811764
34760
8332
8964
28017
135267
8077
9618
8915
707419
107336
57993
95486
140824
811808
892576
27884
8323
55626
136557
8051
34608
167719
167777
808404
811628
9593
8333
28023
34809
8017
8335
133000
708204
811776
705501
14258
57875
176382
176436
179615
828782
58625
9617
34877
166756
808376
95496
812519
7847
107351
34529
179890
811536
34596
120676
27984
9703
140644
740993
9249
9517
58143
116568
741006
9654
8190
88117
119629
95477
140655
8162
116556
138808
811783
34348
165813
167957
167031
708227
117657
168223
705444
373464
8155
808384
34817
148090
811735
107320
28027
34347
34541
9167
164972
174343
708305
116558
9643
140546
13694
168043
811810
7906
8941
34814
812517
28030
58150
140642
176678
713455
808412
167583
821016
34327
808390
95463
165193
180482
136726
705576
811753
7929
139680
27718
164902
8327
820858
139840
15838
811434
9515
167770
705574
34668
164913
57647
708235
820984
28031
177167
811757
107319
34611
167591
167748
18421
176978
708230
34425
705372
8235
165010
34661
708207
8914
28039
34771
107248
8307
12072
713459
7854
8004
126062
811477
708255
95467
50023
140710
705480
1449
119726
167943
9061
705362
11843
168278
9620
705540
820878
9015
164315
167984
705356
820846
9020
10022
708239
168129
167248
167602
13822
50361
173019
8171
811449
820823
167691
10194
107346
167041
171008
14794
165985
708341
116520
169229
811725
34714
9668
8223
139030
820961
8221
176400
9152
811747
811907
140760
812516
58028
95459
119717
132969
141775
168089
9649
708213
28037
175463
176501
58620
168102
28004
8980
9670
167920
8287
139668
808372
34822
708223
10166
34422
58025
116553
177270
708205
119764
8949
11713
167381
179617
167622
373213
811713
9650
34379
176923
8170
179880
10044
140237
705549
10237
10035
167884
168003
8019
140523
167208
176542
708242
50378
107405
150178
14145
40424
50021
95487
166048
808394
140645
708253
34442
10013
705575
170897
713448
9293
16176
164318
9149
9949
34460
179836
34569
117612
119740
132944
820963
126051
34829
177164
165818
174802
820965
126059
54331
168141
808389
166033
8015
708238
837188
85463
705544
740997
165803
166128
167663
27368
139678
167732
708249
811806
165165
705359
373221
713433
107544
8164
14113
167894
705558
8007
34548
708333
811732
164898
821000
55544
141427
812527
27768
28045
34632
811684
811780
139651
139686
175131
107361
705410
812514
8975
34572
119753
139747
708233
708216
821008
8238
11896
166131
820869
34765
16511
19392
168085
705567
811743
9604
179611
8242
34614
107374
167374
55156
811790
167585
139727
119510
137624
373192
8027
116527
9625
9727
34816
179783
811815
705552
165751
811621
34428
811803
820995
176470
166991
177257
892565
837183
9911
119514
119529
808392
811625
166004
170111
167264
34875
167336
116542
168233
8031
708250
8991
9236
11937
811538
808374
34776
58071
136294
168018
811727
34407
95469
820996
168246
9514
9583
34431
85460
34702
811813
9722
28021
138005
167028
12926
8026
34581
95470
140602
95492
9247
8172
170067
811740
820841
168075
820877
27747
140688
176956
177054
140613
16089
707417
713443
170804
8838
119710
811739
820985
168008
713446
9630
34343
50413
811616
175105
9705
175609
713447
811600
167598
96867
139685
13463
175146
821020
9580
140643
707381
166141
176448
808381
16739
811769
820868
18514
95488
167627
168108
177017
34571
811811
8061
725691
811966
34322
139666
28018
167696
167230
175432
705572
811718
95490
167220
820881
28040
54913
164971
9669
708202
820839
168244
140541
166793
150318
170947
119627
150165
165720
165780
741021
34603
167633
812523
165081
811744
820989
9540
7842
167621
