sample_id
10489
10505
58185
373385
373406
812542
7148
24643
25018
28516
10074
27470
830320
9267
790260
9914
175717
9643
10469
8321
9224
27582
10547
10617
27340
9670
9980
10825
27316
9223
10569
830358
10499
837187
8248
24582
25017
155565
10377
26200
48188
713442
19471
26814
9390
26960
8279
19888
27100
812515
373412
10591
25116
28217
373249
373445
708250
10689
28046
699929
708309
10069
14409
26575
117566
373403
708241
26252
27401
27996
8275
373390
708221
808392
10111
7363
708203
7070
21645
27914
119527
820978
821003
9656
10009
13718
15979
26248
373494
28590
22732
28371
9227
10382
10462
10612
373444
22228
28500
175751
34288
58139
148162
10662
708211
10439
21720
28607
808383
8335
28223
28282
10006
15410
9700
27455
373200
373318
10625
14279
27797
843176
9990
26502
373199
9268
373393
811217
9417
10122
27197
155558
811216
843095
10110
8273
26562
26701
57579
713447
25984
8578
10375
24615
9649
175742
820994
15663
27213
373211
739123
10063
10225
155505
8343
26537
27234
373458
27590
7064
8345
27847
10880
25071
148005
24601
28660
50149
9986
155610
10420
25755
10858
15597
25540
155588
373399
155537
808370
8319
26551
26872
9136
10094
10564
25603
808402
10630
21079
27333
27913
26907
147984
26285
8595
27753
708252
820986
27901
28638
57832
7399
373391
18601
34588
147591
155492
708350
10638
24866
147222
27426
27685
28720
24867
25895
26640
373439
8318
27853
708233
808416
27463
155485
7251
155495
10878
26239
175731
830299
9607
10027
28582
26520
25364
27396
9578
28302
9228
10790
27321
155476
9369
26472
26506
28053
28678
828783
10562
373219
708349
9571
10775
27839
8251
10153
10676
26911
27619
27868
8733
9389
8353
373503
10586
21106
27324
27634
8255
27526
708261
26338
808394
26607
26806
8344
9647
9960
10057
28024
28280
155503
373349
10459
739224
9395
26900
147946
7397
8295
8370
28567
180372
811258
27436
28757
9083
10254
10597
24914
26708
8415
373303
843031
7428
10663
27891
28019
175747
9163
17951
26377
27871
175699
7062
373482
837189
10067
26645
27443
27975
10446
9918
24865
58035
148212
373326
820996
9658
26754
820892
10474
808365
7151
27865
812528
8683
9244
25133
26119
155486
10924
148159
373443
708308
27297
373275
8324
9434
25068
27099
808371
8305
708310
7326
25840
25001
373309
708238
9367
10086
148165
373361
9440
24340
27108
373214
18155
27690
7359
8368
8377
373238
7098
10434
10850
10866
27359
57591
57771
373321
808375
820887
10082
27082
40654
26963
9982
155622
373319
26314
830326
8403
27597
7140
8283
10007
24613
26636
7068
8405
10412
10670
27529
7129
8428
8663
9255
19676
57723
27399
147926
58136
155532
708216
27083
48239
708207
821012
8227
8696
9664
7666
10482
10744
155490
10683
14452
18816
27416
155617
9971
7060
9976
10879
708318
820988
27862
820984
9936
10651
10854
26188
820981
20772
27429
27943
10566
27909
808398
9567
10091
26067
26668
27104
8697
148271
843091
22230
24450
27897
28648
10593
26492
148010
373227
9419
10095
25986
373492
9491
28652
373357
8218
9533
10147
10360
10589
10493
843030
790209
27380
28212
28448
26904
27145
373265
9652
19713
28616
820852
820893
26403
8399
14404
27476
27625
373401
373409
25141
148231
7097
22748
26956
820895
373236
9368
10078
12788
16275
58041
373420
830314
9916
24852
26595
28713
373240
27603
373315
10084
708237
708317
27098
7054
9935
27898
373268
708258
7147
26893
27295
27502
28587
148346
7141
713438
830331
10502
9185
26267
148153
27261
27432
373313
373416
9933
26794
28477
147983
812517
820897
7252
27611
708345
820977
7663
830338
8385
10374
373347
808399
10778
27910
15811
10571
27784
57763
7392
10342
22457
8337
24641
26542
373258
10608
17298
18412
25845
9235
27527
10766
25593
10105
24581
713451
7083
13784
25740
9137
9365
10682
713436
820827
27181
27517
705363
10298
7375
9346
22185
28669
48234
58037
28540
25055
57940
373245
8394
28176
147621
373237
373502
83922
837183
26275
808372
10295
28034
57797
373272
10472
27688
26839
27663
57726
10372
57875
148019
833
13653
26618
28665
9254
28670
708218
10438
22290
26779
155499
7136
8250
27006
812523
9455
8331
820970
855
9970
28656
808400
9332
26992
9413
708304
8289
9622
27185
48220
843061
10017
19546
27178
27835
28281
9913
10594
16848
23492
27326
812520
8309
27962
373246
9179
26391
27167
25352
28561
373369
25884
9265
25144
26858
27128
28250
48240
9492
9975
10340
147213
9402
10101
10189
27640
10557
28599
148044
155477
26000
27323
28653
46757
373384
9705
10671
708343
27147
28688
57724
373378
10072
175702
708322
25269
26326
739260
21854
24977
119529
10650
27369
9140
27496
148286
373213
27265
17066
25898
27114
705370
373435
708302
9593
57795
26928
373450
820891
843033
10415
14145
25050
8316
8421
9405
10012
9937
373261
708204
808367
10701
28539
708351
7077
28680
9429
27205
843163
373354
16398
26148
28697
10443
26020
8563
812538
7050
27349
26224
26672
27947
808379
8427
10698
10923
27384
812532
8287
27458
7051
10365
36048
58033
25343
27332
10423
9925
26120
27785
820979
25084
26740
27952
147202
9699
24905
888281
8342
17742
24921
26533
9729
8392
20873
10435
10611
25915
26497
27410
812516
820853
9710
175700
9931
9932
10048
27927
38988
48241
373440
24747
155621
26106
38990
58156
9905
28504
8272
10497
708335
9387
373282
10705
10556
26364
27482
27653
57840
148262
9968
155478
10480
26695
373452
811132
843038
10395
10665
24986
26121
373278
708220
812514
8393
27890
708231
26401
373344
9237
9623
10742
10922
27303
57764
148235
9690
10049
26234
27014
10869
26279
26366
9357
10441
27300
26681
26405
27029
27289
27511
373510
10674
26924
7344
9620
10407
10403
171535
28427
708307
7322
9178
373323
7143
147944
373295
28601
830352
8285
9158
9424
148325
9579
10881
808415
9425
22422
25012
708206
821023
9919
28063
830340
28531
180387
9637
373475
9359
9592
25863
820980
22299
373269
10269
26871
27600
28637
45741
155509
373298
13415
26421
27246
373392
708235
27094
27700
8349
10141
10363
26805
8235
812541
28009
27920
373473
27157
27268
28608
155605
708213
10015
26830
28609
8230
27873
83925
28620
8267
8340
8651
9591
27095
28429
8667
843086
10599
10160
8277
10024
10740
155637
10093
27046
28136
10148
27531
27912
28762
8539
10457
10579
373228
10426
708311
9934
28545
373395
9559
10301
148294
820965
843155
808409
7435
27404
57757
8400
9923
27922
820906
22771
28547
708326
27565
10891
10400
10492
27408
27505
708260
7114
373312
24922
27341
57914
155651
171385
373402
8338
19369
28121
708201
10543
10706
8356
708324
820886
8232
9635
373333
808403
811261
820855
57718
9666
837186
27423
57861
27577
9171
26758
21575
58062
155607
9461
13779
25023
27397
8328
10515
17577
8333
24851
8332
27583
28655
148307
10513
7135
705356
708226
7139
8668
26078
373454
10456
373317
10450
13859
26601
28585
148012
7369
10161
16446
373353
9532
10157
16761
27953
9627
25602
7078
10703
21689
25011
708259
725789
27911
708313
7076
10624
7067
10219
7358
9220
14741
27642
28532
373388
26158
27522
171502
373345
820865
7200
28496
57931
155626
164646
9162
27256
50137
27545
58176
9653
24681
26245
147898
10297
27418
808404
837190
7104
148272
820846
7055
27356
27541
27173
7117
22254
26781
147594
147605
155557
808374
843089
7218
10873
155567
28527
155599
373217
812539
8265
8387
25363
27895
808382
7371
9192
708353
28517
10022
13899
26982
373311
708228
708336
828778
373210
373372
10687
9422
10454
820831
828774
148275
148373
708305
7066
9529
7108
9507
708331
7086
708346
7325
9257
10169
175692
820875
10250
25549
26159
58077
708214
27552
808384
812527
7657
8323
26096
28739
373242
708212
26712
27191
147227
373370
9702
9915
28525
36051
830336
10102
8615
10678
26813
27107
27430
28206
373343
828785
9711
24963
27836
9574
26903
373279
708332
8648
26838
8395
27553
10619
20898
28602
28659
708348
9626
25795
26243
27352
26325
27506
27930
21686
26030
373256
828782
27644
10132
10684
26698
148209
808412
8362
25901
705510
812529
10857
25047
25581
8670
10592
155677
373223
12181
24902
373355
9221
10108
22145
57970
708229
8709
10011
27900
373292
22203
26634
155579
28647
9241
10008
22276
27239
28233
170202
24999
8290
9236
25537
708208
708359
8354
13544
148047
7081
7116
9217
10580
28014
373346
27702
175715
48159
28501
14563
10120
8706
9423
373257
27606
28683
175641
24697
27500
28254
147894
713435
10401
148039
708219
7351
9682
10743
14778
27699
8329
8584
26976
27363
58129
147212
888270
7134
8425
27902
373232
8270
9238
15552
28502
34324
50148
58135
155679
25074
27425
27066
155620
8583
10664
27607
58150
821002
21700
25968
373350
708306
10081
147611
373464
8357
25726
708200
25024
26635
27105
57922
13029
147917
10103
10510
10610
21579
24584
24920
26199
27854
148191
155554
373387
708223
9396
9987
27347
75247
9273
10158
27627
10437
18164
27842
10339
14366
24715
821000
27454
373455
27596
28546
28741
148247
708330
7082
8712
10851
26079
26305
27344
27415
27435
811260
8411
10251
25043
27053
808417
27138
739115
812530
10845
10859
26438
28373
147634
812518
830309
57790
9672
10417
10429
27530
28654
15504
9081
708240
10727
17985
26549
21660
27494
48058
373307
708329
708361
147603
10733
26882
373201
9260
10253
28600
15797
10127
820847
26620
27305
7255
27493
27559
27710
708341
373426
10255
166122
808396
872
9247
9370
9594
171751
808397
9499
27461
28463
28692
373270
830313
8271
12728
25348
27244
28738
7146
8291
27390
148224
155606
10146
27488
708244
820989
27431
373264
7125
9167
10109
26231
708325
740996
10309
26875
27330
50140
7368
708243
830339
10381
820901
9585
26452
811259
147210
14860
18405
24403
9673
10715
843092
8570
10406
27374
808414
9722
10218
10433
10491
25665
25784
27855
8534
373351
373461
27556
9544
26251
27977
9636
26720
373241
9599
26238
373203
843166
26226
26501
175645
18073
26127
28295
10946
57867
57924
148276
9575
10079
708242
9409
25040
28007
708210
147644
9230
25002
10104
58076
10560
19017
8386
9371
25379
9256
27709
708202
57935
26287
9378
9568
13161
9646
27417
28146
27378
811215
828777
12634
15818
27271
10369
808413
9391
27101
10540
25367
708236
9595
10952
27528
155574
808378
9724
10607
27386
27539
28127
155525
9707
26300
27353
27510
7367
8253
9716
10621
373382
9556
10475
26939
27694
58147
9608
26453
27861
812534
10396
708355
25026
9989
26678
18632
26979
28536
7085
9340
10410
24349
26125
25169
27406
808419
14947
19540
26739
45747
808385
8334
10595
27398
27666
8422
10046
58054
373247
8566
13838
155552
708209
708334
9912
10003
27372
27037
373233
57833
373266
9633
10476
13611
26630
10620
10681
9547
24708
373441
26398
26418
26707
27320
820854
9160
8254
8424
27329
57751
148188
9432
10495
27448
180379
10767
13390
28643
57825
9373
10059
10352
26374
147643
10460
24617
9314
26435
26892
28434
8360
10680
148030
10627
24483
10215
25723
26256
10573
25908
27867
708303
26417
27705
7204
9965
25264
28658
843132
28020
8307
9543
25545
820982
22202
27025
27533
57758
843094
10724
10749
18850
26738
7048
25990
26934
373364
10712
27934
57941
155528
26463
180631
373300
8339
83926
58001
7069
10004
27422
27697
373512
708344
9345
10287
27924
148260
26459
27956
9380
26104
708230
10677
373422
25061
27601
48225
10776
155527
8327
27151
147208
155571
27704
27231
708339
34178
812524
10781
57872
373197
812522
10490
147899
7671
9675
10159
373209
373408
26362
27343
7118
10754
10763
25517
27361
28017
57991
708327
9642
10346
24997
26897
820907
8350
8431
843088
8300
8621
9548
10622
14808
27249
7313
10726
27781
7103
10835
26662
8585
8645
9583
25927
373263
8430
180589
373250
374562
9324
10113
17779
26447
57980
708342
708363
808377
843174
8652
808393
9259
9436
14051
26070
28635
147886
7061
10302
10524
10777
77929
9668
373234
26262
27441
28135
147889
27263
28238
708234
10935
28633
28641
9168
26576
708337
843164
9191
26973
8258
57895
58171
7667
26273
26548
25121
820992
17343
28770
820990
7149
10371
26274
7065
10043
48002
9375
10117
25009
26704
27555
26217
373301
9604
9420
28510
28591
175711
373208
9376
28241
373280
373467
9214
10561
26784
27370
7101
10088
26202
26848
10016
28461
9553
10409
26862
7150
10587
10690
155536
9534
148354
708247
10468
8347
9410
28588
8698
9572
10194
7112
9701
27534
155572
820849
27938
28612
811218
830371
26603
27355
40651
10732
48228
820991
7053
26283
34318
26785
27664
57972
9730
19038
28039
808406
9188
9677
708227
8655
27373
373274
708352
10604
8310
10399
26905
27081
175740
7072
27633
148278
708217
9973
373375
373446
25792
155481
708323
808390
26072
26212
28023
28745
373404
27394
373305
708328
9686
812519
28408
147952
713433
8531
10061
25020
155611
9703
57909
373329
828786
147614
148034
7089
8396
10338
9183
25114
739175
812521
9239
25743
373352
830375
10213
26316
27654
27701
373253
708225
7057
175555
8364
8366
155560
155570
373283
812533
10641
10666
7660
26658
28538
821001
830310
9581
22175
739257
10786
24561
155513
820857
708316
9949
28550
48554
9392
27152
58144
26270
10366
10568
8361
8302
28043
57717
27428
27474
27750
9922
10863
24942
26891
8326
10387
27987
9248
7665
8375
9427
12797
27198
27486
10772
25499
26569
26671
148223
9215
13433
26117
373442
26110
28668
26151
10047
10449
10721
10844
24603
27293
7109
25834
828775
27614
843037
8611
10500
21572
26742
27391
708255
7144
27543
28529
9315
10320
27161
58028
147900
148000
7126
27695
38987
713441
8381
10013
25362
27177
27669
8398
148250
808405
9421
24993
25099
27896
373198
713444
10343
28716
373424
148343
705357
708357
27227
9694
10170
10576
7434
8330
708338
10918
28605
148284
7297
10565
25081
26888
373330
26840
27413
373273
9612
148261
7074
10267
27878
28662
830365
22291
24638
27262
843039
7122
10405
26228
9531
25852
708358
10154
28766
180390
713455
812537
12707
24860
24855
26682
708232
820874
830295
26086
26088
148211
10451
10613
373432
812536
26221
25049
813948
26244
28222
8231
8336
10729
27342
27841
373398
26544
26604
26667
27033
28160
10066
27617
25128
7662
57766
10163
26726
820837
25864
27588
373286
812543
24928
26242
28715
148171
708246
10864
10889
15614
10518
9442
10085
7664
8288
10634
28610
28614
708354
10305
27907
28286
148245
373196
26386
373310
708254
27998
373447
9275
9609
57827
8346
8714
10642
26278
8363
26755
14600
28483
155511
9468
9678
26322
27622
28015
180391
373462
21628
28596
58099
58140
21087
373332
27466
147203
9597
24933
7281
9576
22272
27647
808411
10155
10549
27346
373202
8705
27180
27707
27857
27990
57737
27815
10341
28011
26666
28018
10609
21588
9615
373460
10584
27692
27813
28512
8542
373457
10370
10750
27668
708215
7345
7124
25119
26032
7110
57881
8268
25981
28598
148277
7073
147615
148021
27572
48190
57821
373397
739130
9084
10856
373248
9569
373260
373367
9552
24897
28589
373229
739172
8533
25039
27253
8369
8527
10070
10359
10572
373308
25008
27411
373449
808408
8281
26063
58051
9343
25953
7091
8306
27155
373302
9222
10428
27477
57841
8294
28513
9671
10092
9431
10044
8296
10672
147632
373456
148256
8577
9539
14879
26272
25376
26337
27255
8420
28245
373339
10782
27414
373320
843093
10118
27236
10263
10713
27383
8352
27715
28571
811262
9245
10083
10165
27880
373383
837188
9521
147904
8341
10769
28119
28468
10498
27703
48243
9393
155655
373507
9082
10507
24693
8391
175732
708205
820993
26789
28372
10691
10019
25143
828784
830349
27071
373314
708222
7257
10116
843153
7075
34325
373322
10080
810482
373331
8263
27550
9349
20947
10036
10402
175750
27560
155608
8266
9232
9374
10494
26554
27604
373297
10133
10783
27591
7052
7088
7127
9938
10645
713446
820911
26284
8390
8620
27149
812526
821018
27354
155613
820888
16013
26312
28395
46759
830341
823
7132
48000
10823
164389
8535
26531
9135
10596
10226
10688
53503
7106
25991
7418
373231
26191
27945
28553
8264
843112
27889
28657
373225
9207
10692
8634
10511
10602
180389
373328
708224
27203
175317
10559
16110
175696
10632
24438
28044
7107
9218
10171
9580
26881
9129
373380
27311
28251
9959
28530
373459
9199
26860
739206
10354
24568
373340
9927
28485
373306
708340
713443
27059
27281
821046
7348
10939
26080
8256
10531
26147
27566
373285
148170
155498
708257
8407
373396
820958
708364
21578
57944
373316
708356
27421
8348
12771
813996
25430
148160
708365
20200
26465
8259
9956
24876
21638
24911
26873
27993
373226
8423
27657
28606
175624
373230
27307
26060
10217
9628
24900
7119
10673
27729
27623
42126
373363
9589
10021
28570
26302
708251
10097
10780
25342
27206
27696
8269
9394
10096
48186
373417
708333
27706
10590
28005
155561
27872
739258
10077
28640
7113
10442
708245
708347
9219
10709
27141
843090
7063
7170
12757
27456
27899
28036
20799
26799
34286
34321
8379
9385
8397
9662
9969
10068
8587
9187
27063
27698
9985
147630
148190
155533
8562
9414
27817
25048
26884
373335
820833
8409
8322
21695
373294
703022
8282
812511
8389
10942
9654
10367
10373
9229
25356
26352
27129
27240
9551
9650
58070
147606
705358
7233
8571
9719
10458
10937
27970
708239
16350
27360
34303
27462
27971
820995
9225
28492
155604
10739
148369
155612
830311
27110
57759
7100
9660
10337
10722
10759
21573
373356
27631
373255
10304
28636
8260
8320
26170
8380
10201
13349
27624
373436
7080
10695
57864
147923
820964
8580
26487
7071
10464
10697
708314
843036
10694
