sample_id
78038
166757
137507
705411
151338
148157
53468
173420
150676
97876
790039
179768
57710
168521
120050
147506
147718
168509
888281
705362
57600
139590
181190
18399
52817
150711
138431
52826
117688
57718
147626
56581
180465
53839
137861
820881
180455
171731
828782
137848
173441
65444
148356
171959
15737
181296
173263
122074
139849
171355
13517
139587
65358
55648
16302
17595
147788
57134
707410
137169
148407
170225
139840
65609
18392
139552
97172
147366
56243
373596
98215
56839
151737
151360
139695
708250
65706
54907
150543
708205
107479
65535
140501
151358
60357
179898
140610
150705
139532
178534
18646
139524
55150
137301
139585
821018
148088
181542
150481
713458
117757
56004
57125
107250
57433
820833
65068
55943
50378
179814
46757
52535
56165
78215
135478
56226
52342
828777
78086
57165
97310
820872
725789
53750
137383
151112
138054
151851
65721
97615
173475
151187
167621
135700
65115
182098
705544
150863
167856
820838
808363
55903
65523
168686
147727
179584
14336
135363
50150
135746
171309
77981
139599
135391
13416
97795
148316
173616
181323
140529
17357
53508
53748
138140
147569
56757
53603
139596
64788
55059
169832
820855
135842
150643
181329
173584
708226
50416
151333
725762
9276
179490
166303
139539
147723
168450
148382
820969
57088
698641
54951
179862
78158
812567
97904
139483
828786
95542
181290
139838
147792
150828
55374
151337
178428
699941
53371
843082
64708
65585
97245
9467
54875
57678
117735
171342
140824
823
101554
151672
169615
55565
705410
53934
148348
174375
139824
57244
169470
53353
56807
168743
55662
65293
53614
40654
50380
182078
117754
56895
138124
52463
150684
57191
53333
65524
137618
50413
147381
65215
78210
790035
101603
137434
150279
147551
136577
181232
181345
705447
708204
810142
58603
137668
139638
700054
172375
151574
170153
139789
14640
136259
181398
14831
57396
167999
98149
65004
147559
171356
147813
139848
98126
170024
52662
65623
147566
167436
117768
96895
173573
139799
147594
137550
