sample_id
10611
18850
708247
9422
28660
27990
820857
21686
811640
811683
8352
708342
811616
811781
9925
10103
26158
708239
820978
821018
26658
27391
811918
28510
820990
25953
27855
26634
811655
175717
811470
811554
811613
811789
812534
812541
10109
811693
811934
811954
708346
7368
27321
812542
8430
26020
27281
28655
811720
811429
9376
9385
22272
155612
811439
811802
10694
26262
708214
708365
811565
811646
26238
27355
147900
148021
19546
708229
27862
28667
9711
155503
27624
808411
373199
811747
26352
26548
56952
713435
25348
147894
373305
1454
9265
16350
811774
10253
811785
27423
821000
9367
10309
10059
811596
16013
28121
9396
811791
811517
811935
25991
8265
21087
811921
373392
48220
10596
811611
811775
811884
811692
811963
7065
10598
10082
155610
708224
10584
811583
13090
8709
27477
811659
183169
7109
165096
820979
8651
10085
10724
811748
27486
19540
155626
837189
27354
16110
88117
811601
811967
8542
811753
1461
177253
10750
18073
27640
16446
811795
811756
373380
373196
13718
811872
26907
811674
705451
820846
53075
26860
708209
25144
811809
8595
28620
811567
27842
8366
811532
7134
28408
8319
9389
373310
373332
148235
10096
26848
27634
708237
18643
151694
708233
811779
14452
27907
811738
10044
88124
155552
177270
27474
27697
177135
57252
148343
811623
811658
12771
811453
117711
820977
811798
811636
811725
811755
21613
8571
811909
373367
13261
14563
27510
811708
27399
147611
811832
708358
811688
9393
148294
811218
811787
21575
811898
19017
27297
177006
16500
24403
9390
27560
811870
811873
9199
10592
26314
790207
8321
8634
10057
820853
27653
168465
811751
708205
9912
176910
811619
10630
811910
820984
811930
27729
708337
708227
811536
88116
8346
855
57591
155492
811965
26120
811733
22422
27401
167406
10093
175692
27349
27552
708212
165105
7053
9934
28635
811744
811776
811858
811955
8253
9387
176975
811522
27173
1438
811717
811806
7116
811812
811726
8397
27466
58139
713441
811598
167113
10857
27350
25048
25114
373326
27953
13433
18601
811633
373242
17605
811637
180589
811634
10097
713438
811698
9985
811647
9986
150817
25517
55965
373382
9215
22203
828778
151504
10302
708339
811606
8705
21660
12728
811879
83926
811750
42126
8331
26212
8587
88105
26067
26080
28670
57763
10015
117737
811461
7146
808371
811741
811772
811603
811767
27372
10571
27425
16275
811860
17742
811615
837188
167545
12362
27526
151571
373253
27900
811851
708228
10084
708203
811805
811949
9595
373378
811810
811813
27502
9905
88081
9973
27271
27324
811863
811620
811712
14050
808404
811515
16000
811494
18155
19985
705411
811666
27108
10008
790224
811493
28516
708349
9627
811790
17298
10560
10692
811900
9569
10777
811621
811849
820887
811479
27703
24905
14600
155572
101703
10878
28658
7066
8283
373317
7073
373328
808400
27436
148044
811212
811581
811745
811926
27559
28662
7050
28127
811911
811612
811763
811766
9730
25743
18164
9374
28448
27343
811759
708341
808409
811794
811968
12181
790043
808382
26125
373333
708330
135636
150359
169075
17636
57361
8263
811582
811665
150431
175645
10468
9576
28643
373512
811496
8697
25845
14409
27341
811498
147926
708350
811950
7103
27962
27454
28762
155608
10674
27710
175702
9647
13779
19340
27441
58171
28614
10851
12554
57718
811701
8349
8396
811432
7112
24942
708236
25736
373231
27373
27443
843174
10070
811850
148165
10446
27913
57511
167120
9604
373349
811516
88102
9395
811592
708208
17779
811742
14808
811797
811803
20947
27836
9248
10490
101636
708308
27066
811760
811769
820980
16398
811467
811600
837190
811861
12328
811570
9672
373397
708314
811540
811660
40654
820965
708304
811480
9609
10772
132949
10713
88092
811465
820831
373273
812543
13838
808397
28545
83922
708316
811617
811629
7204
373297
811671
15811
26000
137121
8357
811737
13899
25990
175649
708250
811597
10729
811780
8712
9370
117687
811811
26939
790260
811553
9532
10132
26884
698641
26620
811727
811652
708340
811758
811773
88113
820852
25603
155570
83925
9256
811865
10049
16848
55664
373416
27945
13956
177168
373331
811913
27104
808402
811852
9724
811846
811945
9275
9551
811723
811932
9642
26302
27582
28665
811568
708223
26712
13611
808385
27872
8680
811587
9081
7132
8344
811784
27352
27695
811504
811632
811814
10612
28608
708260
713436
10047
28688
811211
10625
10701
50140
8353
9593
10083
10298
27530
10454
27413
26224
811537
811901
26755
26904
820988
8339
9368
811525
708353
811534
10619
7055
9083
57832
811829
811562
811732
10641
811608
828782
170349
28525
811635
808366
811677
8390
25755
27696
34782
373234
373446
18902
25100
25342
811533
828777
10017
117755
811714
811707
811721
1440
811722
811764
10825
88114
811875
812524
8585
14366
167441
708361
8368
27590
28760
57726
14051
15504
27975
811800
811946
9343
811455
812526
26148
52961
708235
7051
28596
811430
26322
27098
27415
27993
151537
27669
28160
151645
1441
811460
10494
10715
34286
19504
147643
811743
837185
28546
373462
820981
811573
812532
27268
8326
27293
180390
713455
811704
811678
9340
28652
7078
25016
21645
150968
24911
25908
27781
811702
820986
10437
182726
373383
811428
21689
27417
9700
28496
811807
9971
57864
27529
811700
811682
117688
373432
24896
57764
811739
811943
7363
9140
811762
811449
828786
811711
820992
8578
28567
708242
811217
28529
811765
21720
708215
811643
25362
811770
9615
53139
175641
28610
27347
812522
22228
27431
811524
8281
9188
811446
811966
27692
28461
10858
25008
373460
7139
8733
811663
9160
10776
26858
155605
8855
26794
27303
811435
10122
26785
8320
27107
28492
146896
10780
25143
27891
811576
9225
811132
811454
373406
9391
57533
1420
28302
9220
28653
9137
22175
373238
17060
25343
155651
175732
708234
811754
811438
811917
150922
155558
811796
811927
811574
27853
820996
7086
10732
28680
373403
155604
828785
27430
34720
88096
811464
811531
15597
811676
148034
811507
811624
50137
17577
155509
147630
811541
27943
708218
811569
7252
811492
811556
56973
27370
26104
27428
811839
9533
10074
27152
25795
28046
811552
7233
27496
811903
10012
811749
811826
10475
88090
28513
20772
27699
18412
57757
9419
27095
27359
811489
26256
9544
10161
27545
811684
811705
8652
26127
811771
10642
811564
811859
811869
13794
811448
811718
12707
25047
708230
9392
812523
9652
708343
811539
27895
34613
56133
155495
25119
7129
9214
19251
26862
27455
373266
10622
9254
13390
88095
708309
26060
26243
811681
26267
27506
28251
811808
811820
811703
26170
811735
808406
811649
27899
811549
14086
811585
14279
811942
7325
811679
27854
811713
373319
7074
147952
708326
708307
26248
155574
708221
708356
7344
811433
811506
176916
811548
811641
8336
9461
9082
13029
26465
808405
8648
9975
10458
26873
811427
808403
811594
811699
150979
811512
26106
10472
34581
45741
8345
25895
26698
117690
150951
790222
828783
27922
790221
811639
27384
10439
8255
811491
708217
10681
811817
812528
26704
373270
151523
176925
10021
8302
10691
10935
811497
811724
821012
811815
27396
56896
811960
18816
27369
28606
48186
811868
708240
811484
135787
811509
811731
7371
8534
10469
821003
14404
27361
52990
27255
24865
811818
8307
10011
10213
811452
811964
26840
27709
811799
26498
27263
373214
811696
10727
28638
811729
811788
10624
55085
27101
25141
26078
811842
8310
26976
27397
27835
10580
27657
19369
10094
811599
27685
708232
811505
27429
27456
811685
7064
27363
810482
27326
9938
10297
151626
708238
811761
25852
16093
88126
708352
10428
373250
10677
9394
21854
373309
708206
811544
88111
10632
27482
708220
811834
812529
8615
28014
708216
811848
28015
26892
811736
26088
708213
7057
10678
10709
27555
708211
811746
27909
811500
811905
811451
811687
837183
27411
8318
808414
811716
26072
176918
811782
155611
13544
26963
811793
117647
10823
147594
8288
147603
811580
811821
14145
10450
708226
10862
21695
88115
811572
10609
8421
10113
27910
58144
10766
26928
9589
811730
27374
708225
812517
101509
811627
9643
708327
10079
58147
12757
53126
811513
811777
811947
28282
812669
27161
811778
811575
10740
28588
28540
58054
25352
27261
27500
811757
10101
811437
15797
27332
811538
9559
10513
9421
27619
88118
17951
9163
9572
10111
13052
10491
15663
811610
148012
811605
26252
57940
811944
9548
56072
7348
27694
811521
373330
8250
9414
28601
823
10063
28640
811902
808383
28429
708202
811441
373318
88098
27601
88125
811644
53177
27528
373227
8350
9228
10621
155505
177007
811578
708257
10088
837187
7524
708347
811215
10946
34599
7052
9913
10095
26274
812513
9118
10155
175555
17343
811816
9591
27239
10346
811752
27663
811740
175711
10201
811447
10747
27033
28656
811566
10004
24986
28647
820875
10363
811844
708231
808417
13161
15614
27970
811457
8338
10781
177012
10688
812527
24989
27880
88110
28395
811604
8570
50420
373280
17066
9970
811631
811589
26316
27432
708204
13784
14496
148190
373247
19713
8272
811618
10370
25026
811906
790244
10690
26228
28502
15818
19326
134663
811728
811792
10147
25984
34288
11997
151505
27597
28657
708354
373226
8332
46757
16761
57722
713433
55947
811837
26668
808378
7149
27365
24902
811514
7170
27383
811768
8323
10680
28532
10698
10940
21700
811508
811638
811563
708243
26231
27406
27930
28692
10105
