sample_id
181558
812529
173384
708223
708225
811637
181146
173512
180425
181627
828777
18252
181289
811513
811736
708213
181496
181555
933875
17293
12735
147630
171235
811509
155610
57864
147894
181286
181330
708337
811846
708238
181145
181430
34613
181218
25736
181452
58350
811707
65706
168446
181472
810442
173410
811491
811751
811646
180359
139524
181582
905
139690
173412
708330
180399
58147
165821
180459
181159
181376
117755
811954
12981
181307
811504
173386
180390
181425
181508
811708
19787
181341
167391
811727
811842
708224
12727
155572
181244
811723
181614
828783
181259
57832
173421
1440
22272
173271
181499
19426
57757
168567
181439
171241
808409
811755
148039
181106
811910
181447
117727
177229
28546
16265
811538
181189
181464
708202
811633
167444
181591
811492
172441
181310
178880
181416
173573
181457
811714
172438
181546
808405
811905
843090
19156
181405
729395
811826
50137
181429
811631
181222
729345
181147
34610
181245
181501
119632
811764
12937
173407
181589
181650
42126
83922
167974
808382
167709
811852
171320
811805
181216
166157
181517
16119
110869
181163
8595
173392
181105
811753
15000
181509
811814
172482
811898
181164
181192
181323
708216
811554
28015
181327
811570
168477
175172
181149
811489
183169
110880
811744
811791
57722
713436
172521
181580
115331
181309
811461
811658
181427
147926
181130
115342
138613
180429
811592
12997
13333
181318
811750
155574
175170
181154
811655
811741
811834
173260
78023
173257
174339
176855
811548
140756
117757
155651
17631
52535
181237
790260
811553
140621
174249
180565
177135
172432
811623
811677
110875
141435
167822
171342
181502
811793
180469
699959
808383
811615
168436
174347
811761
811809
147952
181590
168469
1461
181629
16758
181257
729415
811875
174160
811794
168193
171684
173482
707417
148021
167448
181195
18943
176792
15418
811583
811666
34606
180859
811521
155552
828782
148294
175627
171930
812534
811665
169682
181413
181621
57872
175164
823
181389
181515
811585
115341
34607
181424
181116
181339
181484
180462
181373
811539
181175
181387
811644
167811
173508
117770
181397
808397
811617
181623
58144
176925
176970
811275
40654
174343
725690
140668
837183
171602
181645
181091
811944
13673
78104
173409
180440
811688
811800
110863
811649
181325
181109
181380
811446
172373
181168
16545
34582
110861
181587
168790
811740
117735
181241
95456
172794
173615
181081
811671
811870
167113
181476
811803
181467
140661
172597
812523
181398
173372
180264
708236
811639
8587
181197
181161
173089
181129
708239
165189
808366
173626
181139
811211
176918
811453
173420
181118
810482
155626
165735
811796
27066
811441
811737
115338
119627
181537
17233
181603
181329
790221
176916
27436
708220
811532
172469
181410
708231
167120
173571
180505
181482
168611
181634
699922
933865
155505
177007
181488
811640
811683
1438
140703
181462
790043
174338
811702
811568
811820
708237
142398
175116
20033
171252
811587
181212
181321
181157
34339
46757
180444
811738
811624
698641
181434
181446
811678
168468
181234
811455
181210
181228
57893
173472
181607
811873
181431
117688
168754
811597
181300
181388
811739
811818
181153
165791
180455
139747
172372
176804
117624
181110
811619
729468
172451
174375
837189
181443
181638
181144
708343
708326
181294
8615
181180
811703
811215
181127
176378
181208
811272
708211
708234
164964
17404
181644
19199
811435
811612
808378
110877
181585
181382
708235
53799
155604
168701
790244
811565
811572
181098
729447
181608
811549
167441
119718
181468
173397
811848
708327
168558
173566
811839
172511
78155
173411
167439
168464
811632
172648
181628
811660
14956
168099
181181
16244
812513
164982
181285
181471
181287
708309
181463
708247
15490
50140
173377
117701
181478
181613
699946
181596
707433
811756
181236
139618
175114
708215
811599
811132
811869
48220
173504
168434
181306
181315
811438
713441
171309
172384
812542
708353
811932
171315
811618
155495
177253
181261
811600
180556
181247
180457
181500
811427
181523
155509
146896
168561
180439
811787
168463
1454
148044
1420
811533
167871
181151
173259
708206
811807
181123
172375
176975
181421
700015
110879
176910
19741
173524
181296
181595
811913
181235
811850
837187
811735
811844
181560
181196
181162
181272
181458
181624
163184
172493
181357
811945
181406
140622
181305
181610
933869
79718
172193
181483
181570
811692
170277
181269
181420
138640
168460
811868
170113
180432
181519
175033
181477
811596
811701
140575
181099
180431
181469
177147
167999
811742
811780
181460
24986
180424
181308
181616
181617
181492
181548
811428
811634
808385
181093
811516
147643
837185
173441
140736
165719
181239
26620
181481
811762
176886
708212
181543
155611
181326
708230
180353
181211
181152
181518
50420
166363
172504
175173
181539
181491
708242
811768
181531
145126
811638
34618
52679
181238
181547
181636
811439
180478
181571
174346
175161
181085
181552
812524
811448
175103
173253
181365
138337
176915
181586
811578
181097
13920
141385
181377
811687
181122
811493
181320
181521
181103
181554
811652
181295
811745
138418
172282
177991
181191
181479
729379
808404
808417
811693
181124
167545
181498
700006
176914
180442
790222
708250
811274
811752
57764
811498
139236
168102
173415
811457
173475
173388
708339
165800
172449
811906
811765
173272
181635
708341
811447
811817
181345
181366
181396
180553
811812
808402
168081
729356
811696
811732
181630
708229
811733
34336
181573
708240
811946
20772
168690
181346
181475
181592
811512
110862
181213
181598
181599
166187
181606
708356
811773
933863
181100
181493
811433
18082
707399
812522
181148
811934
173427
173531
34581
181166
181507
811534
173399
181449
181575
811748
15908
181381
12113
173398
173434
173528
175154
811217
173621
181544
699942
811759
708217
811879
181594
811718
811797
811611
34334
117687
181562
861
175162
181448
181642
707425
708358
155590
178934
148190
58171
181167
708340
18377
181605
811212
180589
181412
811641
139074
181319
83925
168196
173255
173982
708354
14076
173273
13002
175165
181248
811967
172376
164273
180394
181418
173264
811460
170195
181528
19485
172559
181559
167810
181520
181350
181530
57591
181322
811903
708307
181264
181632
181265
181525
28302
181186
180555
168946
169509
811698
173262
177006
14460
155608
34609
117748
811729
173510
811484
171355
708204
811766
172642
181113
699899
181107
168476
811517
811900
180558
811606
17159
79722
811964
173376
181281
708232
172455
172599
181080
27098
811726
811909
175160
713435
181533
27206
811663
837188
169070
173419
181312
27341
117690
812532
139763
181177
134750
177270
171629
181565
181356
708260
811589
811541
181332
699900
811747
811955
811569
843093
179021
181440
181561
811581
811712
180941
811603
811728
181394
811582
811659
811960
77988
181597
181079
110867
167436
181441
181461
811798
180477
181473
181193
181567
811921
181249
181450
811430
811505
134872
811566
811629
119753
933874
871
180438
181316
139736
181182
811802
180602
181568
708316
811799
180465
729463
167812
175123
181242
181495
708308
811860
181641
164739
811270
19944
147594
180175
181622
933872
155492
181206
181104
181626
729406
171274
181221
139809
181101
181338
181401
181579
27293
181344
729337
57763
164898
178145
181171
135787
811790
811575
811776
117711
133919
140533
181271
181619
172450
181194
181399
699964
34720
172465
811479
811562
110868
181633
808403
171766
181404
828786
811218
181207
181526
181551
700012
707420
181172
811470
811620
811926
933876
173804
181132
181277
729296
729311
811524
181444
181535
708233
708314
172453
174730
811902
811574
811760
700000
181290
181354
181390
34328
58054
167449
180452
181553
181403
811771
812543
811636
811808
811464
181593
811930
175106
177012
34337
57718
811769
811810
139153
811700
117768
140740
181527
811536
811556
811613
176506
811508
811601
148034
811884
181584
811467
181395
811965
173483
180451
181256
181117
181455
180448
713455
872
172104
181112
811544
34585
811711
811950
181114
168465
708365
811564
811872
181368
165304
812527
137121
811525
811813
181417
18242
811432
855
165775
708243
181557
65721
57940
181255
176902
172420
181268
811746
181334
811743
811943
180428
173499
790224
811911
181522
181336
811763
181313
181204
21087
708208
173404
27355
708257
729322
181184
811781
57726
811507
176920
181088
181150
17606
155503
181299
65226
140545
181158
181273
708304
173379
173523
181128
181524
78181
172442
811506
115343
181529
811724
150431
115337
173365
181288
173265
180433
181243
172427
181428
708227
173715
181541
147603
181631
811851
811563
173471
811540
811684
181542
811451
181487
147611
168466
181532
811832
181183
181409
181639
811480
117737
181340
811731
12771
173390
181419
138005
155612
172382
175101
181082
181292
18894
172397
181438
173274
811849
181297
811531
811806
167509
173519
811674
811901
173468
811861
811863
14044
140333
811789
708352
177065
178216
933870
808406
135776
811966
181096
811514
811942
902
181337
181486
181545
181203
181578
181620
180446
811567
78132
181643
811829
19831
181258
181349
181611
115385
173481
180430
181503
811594
811788
169075
175089
181176
180361
181263
808411
14623
18998
812526
172434
708350
78121
181556
168467
181342
811452
173267
180427
699974
811576
811968
115334
708342
140775
166193
181270
181504
808371
181588
181304
181480
811497
811792
181408
181433
155570
172406
181119
181411
811647
811598
811927
790207
811573
811682
181198
181602
811963
181564
713433
808414
181267
811837
13007
172401
173178
168630
173522
142191
169069
181178
708205
83926
117754
181089
812528
168614
181174
181536
811616
708361
181023
811770
181220
811758
181280
811610
812517
78042
148235
181250
713438
916
181414
729399
811429
811754
811779
181092
181459
708203
708346
117647
811679
181121
181437
173443
811580
811821
181283
181402
837190
15578
175132
181454
811784
811811
34620
181202
708349
811635
168724
181240
14806
174071
175156
181445
717401
811681
811865
180426
811621
181456
166777
181314
34711
708221
167828
181470
811767
173521
181359
15506
181604
811815
181407
181087
58139
155558
181572
18678
166808
181108
181200
811552
134753
181170
181374
181393
811749
8578
25016
741016
173418
181640
811522
708226
17552
181505
173269
173422
181497
140517
147900
181134
181274
181275
181576
173489
811730
181303
808400
181291
181379
811699
15476
181474
811778
181550
699901
699941
1441
141855
167376
811496
181432
811772
148165
181155
811777
811947
181252
119710
165194
181141
181625
181188
181534
708209
173263
181549
708228
168278
19735
168447
181251
180475
181282
119634
181262
181094
811716
181125
811782
811858
14427
139848
181361
135805
140680
181187
811785
812541
139179
15231
167406
811515
181391
181392
139597
811494
811500
708214
172371
19869
166132
811454
811643
148224
167722
181165
811685
173501
811949
176493
181577
8570
181510
172466
173464
45741
172652
173432
811816
811266
155605
181494
811775
181583
811608
172497
180441
181201
181485
171848
181095
811449
811918
700020
164585
170031
177395
811935
811465
828785
181284
811757
181506
181219
164352
181138
176643
14882
115335
173616
8571
173368
181317
181637
811537
181490
708218
181160
181442
181232
181084
811676
811604
843038
811627
181215
181279
168689
181260
148343
828778
180423
181581
172407
172417
181489
181311
811795
78086
181266
180449
141775
177168
811437
181415
34327
181422
811917
181343
110866
181451
167435
181436
811774
181225
181426
181512
14734
148012
181173
708347
811605
181254
181185
18816
56072
176901
