sample_id
26681
140807
170639
117627
10859
10343
10562
10701
10785
27129
58160
10369
705411
173585
9983
26611
10937
173261
10298
28426
174371
173273
173450
10877
705397
26821
28135
57833
10406
10861
173253
7672
10690
26621
28183
57895
26931
26872
10490
26806
173394
10660
10793
10556
22730
57835
170721
58128
27171
10945
136208
27112
57861
10832
28147
10337
171959
373208
141437
140526
705431
26536
57779
173269
26951
173621
173479
140491
10436
10559
10847
10463
27101
57930
170633
10942
10439
174377
22723
173620
173499
10438
10739
27226
27004
57751
170763
173570
10794
22768
173434
10664
171039
22784
173368
9591
10482
170684
28091
10511
10843
9191
10743
22762
22769
58163
139654
173270
165226
179601
173566
10144
26577
174375
141440
9129
139754
10541
10530
10622
140743
170866
10366
10304
27229
173389
173580
26623
10400
11957
10441
170647
170875
10544
10662
10692
10500
174348
741016
178505
26596
10866
9254
26566
26789
58174
10418
173476
10697
26647
26892
22714
58149
173581
10171
10479
164865
173467
173521
26503
173433
373199
10368
10616
10774
27185
173549
10598
10607
10762
28769
168064
26862
10507
10602
10267
26453
10800
173275
22773
10428
10825
28700
10167
139545
7664
10384
173489
57872
10162
10571
26593
58144
10419
139565
27037
173425
10576
27009
57881
10949
26490
28254
10923
26703
173439
10894
26636
740974
10754
28222
173410
9464
10733
26943
698636
28166
173547
10451
10811
139879
140542
26986
139842
10873
57939
28647
173473
10596
10580
139536
10572
95453
26543
26937
27415
179541
9987
10880
10385
139858
173465
138147
10550
22781
138348
740969
26903
27624
58008
22736
10342
10595
26377
174376
139625
10678
10711
170663
139839
10322
173616
7657
58070
8393
10278
740972
26533
10851
27046
173579
10691
27397
28541
373220
10560
10619
173034
173474
10620
698648
173496
10599
10780
27486
7322
10752
10846
173421
174366
58134
173568
10684
58203
173624
10410
10565
10875
814044
58025
58152
10377
170777
10741
57911
28439
58143
119524
10587
173458
10784
27503
10782
26897
10414
139846
705401
10837
10682
10909
698639
173061
27261
58003
173420
7662
10456
7663
10452
10502
141387
28200
9230
27522
10791
10916
138676
10569
10449
10468
58071
164088
173586
27489
139800
705404
139651
10688
173509
10358
10373
10621
10360
58131
10798
174361
10642
10748
139848
9265
95500
28640
58012
810099
10612
10890
10462
10673
139715
57908
28204
22712
57870
165223
10503
26439
28180
10687
58176
26980
173577
9553
173373
22771
57879
22732
10339
28228
173441
180379
10885
27184
173422
10831
10888
27341
26352
10641
10750
28645
10786
10926
27445
58037
175552
10810
10917
10510
10801
10689
10164
57966
173263
173471
28176
173376
10841
27619
10775
165228
173622
373494
10133
10457
10651
173460
173417
11967
173448
10329
10604
27688
173583
10353
57922
174358
28245
22664
174362
57892
173617
10076
10213
10924
173380
10540
173393
10533
10566
28162
174339
27423
28571
740987
10338
10425
173077
174374
58148
26603
10381
8724
10592
22717
57928
170807
10542
22749
26732
10488
173370
26339
10638
10912
57820
10197
10495
10515
139624
10650
173501
119514
10613
10394
10818
117609
139644
10788
27678
140815
10555
10611
119529
10499
10865
173276
10459
173567
9152
10183
10522
10517
10593
173552
164867
10434
10424
705398
10447
373497
26584
10363
10521
10590
22786
10819
58023
10328
10636
790260
27551
10402
173468
9223
58016
57925
10371
28585
57840
10481
28448
10365
57842
58126
173404
10429
10573
173068
10761
173452
10432
10531
10450
57864
705420
10455
10486
139836
170623
173414
10311
10357
173254
28206
10194
10367
10670
173502
10354
28233
58106
22748
165227
164491
22747
139546
10632
26559
139746
173523
10382
140213
173464
174378
10403
10614
698643
58186
8394
10887
173478
10936
10608
28151
10881
174369
27506
27095
10443
10501
10856
373440
8128
10412
22782
57724
173528
740963
9177
10475
10884
27264
57938
10940
27864
57999
10722
10469
58156
173457
705436
9707
10724
26813
10591
26695
170997
173482
28669
10359
10600
705410
8356
10753
58185
139555
139694
10409
10492
10609
26489
119520
173383
173578
705396
10848
22737
27347
173524
139683
58033
27098
10411
26586
27585
171035
173615
8421
10426
10464
28163
57804
139636
10523
139655
140698
173271
28236
173510
8381
10347
10892
57972
139523
10671
170992
9213
9159
10389
95455
173403
10624
58050
58119
10379
27343
26452
10925
28185
10341
10583
10070
141377
7659
173430
10617
10718
10705
10855
10549
28259
27654
11964
57978
10361
139626
8375
10934
164871
22774
57812
10944
26915
10823
10253
164874
173385
58028
10703
9994
171016
10493
58158
173415
173440
740968
11959
173574
26905
58088
174343
10048
27222
117600
9247
10446
26558
57658
173584
10790
7674
9082
10657
173372
173538
22775
139838
173508
10715
173257
140517
10293
57907
126063
164883
57909
58000
173390
10915
10709
10946
9229
9244
373505
10749
28249
140782
22756
28122
173456
10108
9967
10372
10454
10458
10570
28199
58135
10835
173262
173483
10589
174344
22725
173402
26449
173255
10472
170804
10474
10889
10627
10920
173379
10726
10907
26764
170795
173259
10116
173267
26576
60356
10581
10867
26599
10695
26598
173481
10484
173416
10527
10897
170762
10694
27053
173274
10903
10407
27496
173446
11997
22760
10781
173428
173504
22739
140540
705441
10597
139606
173088
10863
58061
10795
57914
140640
10568
10586
174354
10567
10879
28728
22765
10564
58171
10483
22750
164873
22819
168229
10812
26816
140787
10141
10799
27449
10497
10720
171015
10706
10901
26774
173435
10135
57980
139623
27695
57973
173442
10698
26940
10383
27048
10356
28209
173386
9982
173388
57993
10417
141406
10558
10808
28238
173397
10891
170998
117632
140557
173576
10681
22754
10392
10391
150438
698641
10898
173436
10729
168017
27797
174372
10431
10625
141378
10563
10547
10871
57867
741015
740961
10473
27016
10557
139544
173449
139552
141372
173493
27054
139837
10594
28078
58076
8409
10744
173423
10460
173572
10677
10935
174373
11971
139849
10158
57739
26968
170727
57983
58154
140668
173484
22767
10849
10375
140488
373508
7671
8379
10579
10168
10396
10435
10634
173454
140726
705416
10858
27731
57961
170923
10918
173453
10364
57926
740977
10680
10721
26546
10504
26927
58004
22729
22752
117602
10551
10610
22742
9259
10437
10584
10740
26544
10387
173418
10415
10868
10914
173480
10430
10623
10713
174359
10080
10184
10433
698635
10857
10505
10401
28159
10477
26553
139656
10485
10952
139484
698640
10574
10869
164892
173391
9221
10930
10676
166098
26983
173419
10518
10732
26531
10553
10214
26518
45415
173411
10528
10921
27323
58195
26920
58072
28281
10476
10189
9133
173470
10442
10712
10929
28240
10327
174346
139643
28510
22735
58030
10170
57924
9158
28118
10526
58608
10853
26971
173406
740962
57875
174347
705402
9192
10735
373627
28513
173398
10494
117628
10893
57977
10813
58168
10578
10845
28168
173066
10340
10420
174364
27092
28755
28120
139653
10405
58041
140537
705406
10512
141371
26595
173039
173469
10423
171014
173522
170784
139798
173258
10552
26614
10747
10603
22734
22757
173384
173462
10352
10787
58166
740970
28127
58051
705407
705414
10850
9188
22719
28153
28160
9171
27253
26522
117625
58151
173392
9140
10390
10639
27912
7666
10878
10082
28115
173272
173408
173409
10548
740982
57970
165225
10404
173265
22785
171040
10615
26549
10263
10349
10461
10767
10422
10772
140541
170822
22745
28516
174360
57991
10440
173575
10862
10886
10237
57876
173268
10514
10539
173546
10491
26569
173260
9965
28683
139840
26898
10630
27729
9136
27559
173544
698646
57903
173266
10395
10815
22751
173400
10674
58138
10370
28134
10101
22724
58179
10922
26542
27364
28515
1432
173375
173445
58150
174368
10374
10393
10842
28280
174345
10480
140793
10844
173475
173533
10665
7313
164870
10398
10905
26919
142845
10742
10672
173571
10489
10561
173573
10766
139556
22740
139810
10386
10663
27267
183054
10508
741003
9905
139505
141416
28193
10783
28073
173569
140786
10702
10864
