sample_id
170024
64818
181460
53462
177971
54769
148400
45516
60357
61688
180389
181438
119540
181573
107254
178123
53617
181570
181484
148354
181591
137586
148341
17871
45544
178512
888274
138016
171574
109640
53804
53844
820910
181575
53333
148252
181545
148280
178008
181314
137217
181595
181587
178565
109620
174863
181442
181457
155618
181450
53832
147792
54531
181586
140488
61844
55065
181499
65280
181520
166941
165972
170023
164917
56635
138027
181498
181508
50413
53829
54910
140751
122115
53774
177965
181594
888332
181444
53831
170044
56492
78355
53673
179938
53560
181602
170045
181455
181473
141239
88123
181553
166637
181503
155652
148102
181407
164423
137286
53382
147236
181452
136466
808748
181535
810462
810516
165496
107569
78275
137665
810165
148182
109657
181556
170310
148249
178121
65150
147929
168704
181579
170051
13440
45508
147626
78272
53810
155665
178007
810255
810476
181585
181597
53801
181592
181448
181568
140703
14826
181488
101780
137603
109627
138173
181467
181494
707385
65320
147594
181463
181549
45427
169072
181427
739179
182117
165471
181434
58566
124727
177945
181560
146904
53891
181432
147940
181491
181599
50396
