sample_id
9302
739215
148311
21553
25810
164865
26039
147509
47987
148326
27059
22863
25471
54572
180884
167109
27017
28389
21804
708323
151504
136978
53405
23568
48514
28565
166973
374313
23244
173060
9561
50044
48124
147940
10497
26659
50031
50055
375191
28422
137666
20415
147251
147427
141162
147373
85433
50064
9006
25433
26489
8659
178185
27669
24584
164254
165389
88090
148354
166814
147614
10069
135563
169063
54285
10193
10219
150318
374436
373900
147766
75342
164677
24738
705504
148097
7322
50059
119529
28600
180738
171503
54057
25555
147613
26035
26669
50039
147460
57973
25812
373673
28459
6868
48003
23058
373469
10420
28718
175716
165138
154958
373814
27264
10327
57252
22851
171374
148317
27002
27092
27714
50049
21844
28587
117125
375440
27580
50048
164131
8052
50061
140793
705377
811960
150186
375111
27121
