sample_id
163600
165997
10878
139623
172377
173080
173414
174894
176837
176841
173578
167983
171314
172614
172617
705396
172458
173034
10549
175141
10665
10678
170763
172440
172426
172611
10411
26586
117753
181309
57870
58070
140541
173385
172496
172497
176847
27112
168274
173404
178212
10184
177189
10767
172646
133253
178210
10583
27341
177886
373208
126083
126105
173523
27101
57895
117683
172637
173262
177892
170647
132957
173435
173468
176788
176862
178193
57980
28180
173456
133245
10450
141446
178203
10447
95546
171273
173576
174850
176545
10392
26593
166033
173406
173458
8409
10514
58041
58144
117704
177114
10610
95537
167974
176903
117711
176885
176959
10691
10880
126064
179124
22737
174881
177188
11959
173502
10604
10793
27729
58171
174377
119700
173259
26611
58128
173388
176918
10747
95516
95562
176900
175173
178151
58008
172562
173480
705504
10871
27678
172432
172621
178159
10476
10591
139556
177235
19608
126128
139654
178155
28134
10940
181295
1432
10167
10402
10754
58003
164404
173039
173617
175130
811467
174912
181279
10364
10569
10862
164873
167715
171321
164088
10451
22730
95455
171329
178197
139651
176855
176865
10304
175165
698641
740963
10925
10800
163807
174853
176845
178146
27496
10580
57961
180574
95457
139694
172394
741003
26876
174346
10650
174808
10562
27397
139179
174840
175172
140744
172544
178505
172668
172473
698646
28200
178883
17458
141435
10417
10674
22768
168124
171035
174374
175109
10742
10818
28513
57840
174824
175092
178205
171318
171328
117713
176914
27185
172669
27506
126098
10361
126078
172395
22819
27364
58071
171345
9158
163628
22714
45589
164596
167458
173569
163048
176854
177889
133284
163567
173538
57939
95533
27449
58051
65391
172639
176493
178178
10337
27912
10949
150643
163650
27731
57930
95451
174372
10485
10915
10492
58134
173501
176559
10715
10894
9229
22732
126061
139836
172622
10722
26569
45443
18909
65721
171309
120653
11971
57970
141384
177912
10798
170111
8901
95502
171354
178149
178220
10914
163989
10875
95486
132980
167926
10080
10278
58126
140488
172552
373508
740970
10250
141440
10761
27095
172438
57924
163876
178167
10930
28193
95528
705398
141372
175114
178169
22754
140787
177913
10405
126112
167868
171286
10370
10373
9965
117687
26415
741016
117690
163817
126086
172448
172642
177031
170784
95520
167591
117653
120700
133244
173265
174826
175102
740974
45415
10253
10905
57925
176803
177086
177713
10713
10568
163194
174369
698636
10766
28647
126067
139848
141425
172452
172647
10743
27264
58135
95500
101957
164491
10406
10720
117732
172424
172436
173270
7672
10441
10663
10835
10898
10600
10786
176859
170923
172450
10382
117088
139505
95515
117650
165807
95523
178435
117716
165228
172653
126097
176378
176880
140542
9553
58149
176831
177208
10702
173509
173580
27864
172442
10711
173418
176470
10831
95540
171335
10398
95573
168060
171272
172627
176955
165223
172565
58195
172384
57088
128707
173481
177904
10393
53603
119520
175154
178182
117772
171265
172550
173269
10357
117734
28206
172574
173479
176916
126056
8724
10799
58088
165932
171319
10636
171306
174358
790260
171243
176915
172543
176924
177160
178202
10917
10952
95620
55860
177224
57911
117724
173392
173416
10237
173074
54907
174830
8375
10657
28515
173053
166186
172641
27226
141403
176972
177202
178165
10673
181303
10518
95583
170804
10823
58154
95501
126044
139839
176886
181317
176801
10548
373505
177162
10560
173254
178147
10528
117773
173037
171252
10329
22749
132971
140491
10488
27688
141414
173457
175127
10430
10523
144598
172640
174812
10788
117748
173573
10484
10918
171301
58030
163150
171298
172635
173057
173489
10501
173622
10578
95506
171351
175146
10133
57876
173066
10340
10342
126120
138397
174364
180455
167047
174844
10576
172415
10539
175103
10706
10729
137666
174811
177258
9171
10589
10781
163797
120682
10409
10446
10890
95453
139643
172654
95526
167391
173257
173384
174831
176911
58174
174804
95554
175545
10611
10695
11964
10381
171282
10435
177256
178173
28120
175101
175104
117660
177266
166155
172419
10508
10612
141377
173439
10327
167622
133256
171270
172398
167676
173469
10472
11973
172420
172444
177151
178172
174373
175152
10593
10844
180379
698648
117595
174900
177194
27184
97949
139552
145559
172530
172631
176440
181325
10869
139626
117661
173391
28439
176813
705420
27129
172549
10438
10739
58119
172619
178201
172441
28769
10437
95538
95580
120654
22765
139858
164461
705401
139544
173440
177879
10267
95613
175161
57349
177018
740987
57908
166556
141378
10410
10464
172618
10581
117667
126055
140698
12339
28127
95503
97310
178185
178216
10780
56690
58023
172417
176819
698639
117723
141419
171015
140726
165226
173390
10515
95591
171284
9247
126103
181123
172651
178179
9140
172667
172563
7674
10785
28073
164871
173393
8128
10595
10622
22729
177909
10171
10873
126085
117751
58163
127778
170997
177716
180556
10070
10359
10401
10923
98126
126073
175653
126051
177915
10135
10705
171323
171339
174356
179541
27695
151360
178148
10414
10542
95542
139625
10494
126058
27048
173496
10682
28122
95582
117739
139798
172567
133287
139715
173570
705441
172644
10597
22751
57993
177916
26903
174805
60356
172624
10687
164250
174825
57244
176928
10892
26892
34336
56226
117743
141436
168229
177159
10811
141450
10701
58608
177198
178175
10853
95458
95490
95505
126054
177146
117755
136257
126059
166328
45594
120688
373220
705402
10385
10690
10620
28091
10614
28571
57396
171300
10718
10726
172648
178367
139606
168012
174834
133270
163244
705414
11957
174814
174867
177168
13436
28640
174343
10352
10936
95514
164908
167979
172469
173471
10697
126099
176843
10787
174846
10433
10891
10916
137810
172412
28159
176436
10197
27222
10440
145726
173428
698640
173410
173464
10841
22723
27619
55150
117632
171292
178209
140557
174813
178161
10676
46757
28078
173373
10944
171241
175174
176842
10461
28147
165227
22762
57833
57922
133263
175160
176933
27009
28669
139746
173436
179142
179696
57938
175143
699959
10144
10439
10810
27261
141371
172663
10510
95609
126093
126095
176846
58203
172676
10887
27624
141406
178188
28163
171261
172465
172466
173478
10893
117684
172542
174359
19346
120641
170998
176905
10855
117720
172643
173383
176791
176882
177883
9591
140782
170149
173056
176917
739234
173415
10194
10434
164961
172628
10630
19381
139810
65706
117764
133286
141402
173380
171910
78273
95555
140786
166498
175107
22748
168211
57751
96374
10609
119593
141437
22717
57928
95594
133242
177914
173442
176624
176925
55662
10363
58131
140793
173533
177721
138147
172387
174361
10550
26596
174820
10400
176899
176922
178160
10489
10617
117768
126133
164870
176971
55156
28510
126089
172652
10863
58138
163870
164874
171303
10638
22773
171897
176898
178190
10921
173462
178176
10503
172594
173571
181642
117771
28645
173483
178948
10924
16406
174864
176824
10477
176825
176923
178166
10859
95459
179308
810482
165810
171238
373440
174366
140213
172492
141404
165468
172645
174821
171308
173272
181260
171257
175128
177888
11967
95617
181259
168064
9987
10360
28541
95566
126074
10889
181249
163787
173475
164896
177896
10615
22756
173386
22781
95585
176920
10322
133279
175149
373627
173263
10418
58179
117730
140640
28151
174802
96375
10391
126071
22740
26681
57977
171346
176835
10592
173275
173470
177009
22750
57926
10048
22719
95462
139555
7659
173445
117697
171250
10897
120678
141445
171326
171340
174872
27489
57835
177899
9159
10526
10783
95571
132974
58150
120713
176805
177199
177881
178164
10651
170144
172447
174339
175108
78038
53021
170777
173068
28166
58168
117754
171271
705411
10432
10527
373494
117735
126092
166799
181294
10533
172383
176823
137507
139842
171349
52990
133252
140537
176893
10431
58033
173585
178168
171320
10794
9464
171324
181273
10375
28585
132962
117757
175122
176840
740972
126108
172603
175089
10567
10782
28228
28280
110872
120670
141439
172408
10183
173552
10748
172378
177906
180513
10819
171719
176908
175406
178219
10847
180795
117718
176889
117685
171269
181395
172446
176629
95559
172406
176838
10660
10670
151338
174909
28236
171330
175166
176394
176973
178150
172529
707399
175100
176810
178177
10864
95578
175669
172632
177958
17090
27423
95553
174848
9230
10500
22767
120712
163639
10565
141457
150684
173434
57914
140517
172677
10558
26599
10579
167912
95581
164585
698635
172607
171355
180499
95527
117647
10482
10619
26951
139683
10328
10442
27551
57820
78052
178208
117682
172404
173043
176866
139624
178157
165775
10424
10483
10573
132955
173510
10499
10865
171341
10443
164892
176977
740977
53649
167636
177164
58160
173268
10566
22752
52632
126106
176652
167241
175115
177219
10684
13718
57983
58186
117738
173484
28259
126107
163974
27654
139644
8393
178113
132988
172439
163636
176909
10851
27503
10607
10842
28254
176852
139840
171291
172608
175148
95625
171258
10735
133246
10490
740968
10404
10837
10885
172629
117728
176513
150438
170067
174810
10141
10884
14462
171262
173454
55943
57881
10825
173070
139545
9223
10572
173420
10909
28755
172431
10395
52806
171353
174911
28245
172551
810099
141376
174851
178198
178200
10544
177201
10784
126094
176804
9259
10473
10692
57973
10387
58158
164867
165225
176860
163993
173379
95574
117628
172434
7313
15652
176907
10613
145625
172606
176806
178170
823
173261
173433
173615
181289
183202
27323
95608
117648
126131
181285
10623
22724
95456
139655
10365
10733
166345
173397
176872
10881
151009
172600
177187
58151
175121
176576
10556
173620
175090
10504
22774
58004
176958
10366
10624
22782
126065
181288
95564
126130
178192
10263
163580
172566
10341
10596
171311
173253
175155
10407
10559
10846
28183
139656
173061
173421
176891
117766
10709
174378
175168
10403
10689
138348
173266
173467
57875
95596
172577
177251
177260
10101
27363
173271
171295
172664
174890
177207
26598
172512
10486
12613
17883
57854
141385
174354
10762
120681
177911
10480
95579
10469
28249
139323
174348
10517
178900
117693
173522
174843
173370
175110
176829
176861
10213
10741
10813
22735
77962
126076
10671
95569
171297
173577
373497
177708
58050
117602
119616
173081
174873
141448
178207
120650
176896
77894
165996
172425
10856
173567
57864
705404
10343
126048
181345
27343
10832
26623
119710
182079
171325
22747
165719
13721
17357
173446
177024
22760
28160
133273
10753
10929
95601
166153
175170
10801
78335
78086
170623
10598
171263
173260
705397
10698
166406
169278
172559
173368
10214
117706
132952
167027
176874
181246
8843
10564
10502
170663
171040
176919
717356
10563
58061
171302
10394
22712
117712
373199
10945
58028
172508
10555
26603
57991
172616
178189
126126
133257
178211
10399
10468
10680
28118
172401
10389
172411
173493
10369
10457
170866
172602
176850
10452
45531
173544
175162
176392
177257
10164
140668
173029
172658
171039
177900
136208
170146
181320
741015
58166
95525
10586
117745
176858
740961
15299
140526
172596
705431
28683
174347
176877
173524
53548
132995
176910
10920
95512
126079
171245
173574
177099
10475
57656
141432
174375
53526
178163
181277
174874
117719
145065
178214
178171
9905
120684
139484
10946
57892
173575
181239
117710
140807
172595
117722
126062
173054
10541
10790
166506
175158
181283
10934
28233
7666
10412
176956
172427
173473
28185
10815
10850
170135
10374
126090
165046
28153
176557
172650
177262
177710
172575
173450
126119
10552
10866
10868
95606
177197
95544
9707
10877
53177
172418
176833
56455
163837
172612
173616
175156
10423
54916
171317
28204
7657
10298
57804
176848
10293
28448
172467
172561
57842
58072
171327
10848
126104
176962
10158
150863
163982
172399
172620
174841
177972
10367
119713
10356
178213
119529
163821
9129
58176
173547
10775
173586
10540
10721
173499
10162
10530
171264
57812
58076
171870
173058
176902
173408
10349
139565
172400
117695
126101
165985
176895
96355
133249
163665
171959
177894
170822
172429
175133
117763
174871
176987
177711
10551
172482
27253
27445
141434
120722
172435
117726
149984
9994
22742
171016
117770
175112
65226
126123
95556
171266
181254
172511
175094
163979
177270
177893
171315
173258
173035
173521
8394
176811
10603
141427
58148
177719
10672
10867
58025
133255
28500
151337
173273
117715
138676
176818
126072
173079
10459
126077
172478
117702
144988
171316
177192
177897
141793
175099
27229
95570
101962
171288
10462
10625
119514
740969
9983
10116
27098
165015
171336
171342
171352
173624
177884
57683
164744
117609
175105
814044
166512
174877
57861
177191
55987
173549
26897
173572
117624
175113
26862
27347
95590
170684
173621
176887
10383
173449
10511
26943
10396
10521
27092
27486
119734
126068
164883
176828
177895
27267
58012
175142
58000
174344
166188
176832
128715
28209
95572
172609
174847
175111
178204
7663
170721
171251
740962
181300
27171
173400
176834
10849
27522
126124
142845
176951
10795
57685
57966
139636
176790
9468
10481
172393
174360
10368
95539
173476
174371
10703
22784
28281
120705
166777
177206
117714
172556
173276
173452
175098
177263
24854
57658
170992
126080
172463
171334
119524
172532
177910
10458
168278
173460
178158
120715
141395
171247
10491
16710
170807
10553
10677
174869
95565
167235
173422
13662
179436
10507
173394
126053
163633
172615
172623
173583
172560
172468
178183
10641
119707
176807
58037
177882
10495
173504
28222
126118
27559
170727
171307
172388
698643
172521
175129
175164
181310
133260
175430
176826
176714
173398
126081
178186
26558
173376
181284
7664
8381
57972
95616
699941
10531
168289
9967
58143
139849
175135
18313
173372
10681
174376
163631
173581
10570
28199
173409
175163
176927
177722
27046
52593
126091
172665
173419
27415
173059
177887
10879
126100
16864
133262
166514
177901
117737
174823
165630
166540
175597
178463
10386
10436
10752
172433
699969
9188
10712
10750
173566
176483
170875
177023
705406
22664
117670
174362
176465
177905
10724
26872
176863
176817
132964
172597
178194
22734
27585
172610
57867
177885
140815
177045
10377
172422
126050
177902
171338
10449
26542
95517
181282
171253
172553
172604
10571
10694
139837
173403
10587
28162
178154
10379
10744
22775
57879
139838
150052
163647
172457
173508
173027
173546
10460
13416
9152
172449
172504
28135
172498
57165
176615
171276
20641
175134
176952
10168
119518
176844
10888
172601
181321
10505
10912
10901
167436
172655
175140
58185
176881
177007
10456
173568
174919
10425
57903
173077
58086
10371
171235
172555
181099
10561
171380
22736
57125
57978
175124
175145
179549
172633
172657
175131
10108
95619
172599
9213
10390
133248
166126
170762
139879
173472
176537
140743
176892
177183
126109
28115
117692
95599
172423
173579
52648
175116
181290
28728
10935
175106
176849
181306
173441
177265
163569
172660
10602
167376
10354
10353
10843
174807
180575
174829
139653
141442
172493
10463
139536
163599
176888
8838
27797
117600
117705
172451
172638
57667
57890
140540
163852
170639
176471
10922
58011
119629
139523
139754
142274
164984
171343
26980
58106
126116
173274
163105
10082
50061
175535
141387
10415
10479
58016
176522
10937
173267
172605
174798
176839
172403
10616
28238
57907
10420
22786
173528
178187
165811
173425
126060
141430
57489
95529
171280
171299
174345
10584
65712
95519
132989
171348
176381
10749
740982
10474
177720
177723
10627
78121
171242
119738
57909
28700
176870
22725
176746
167012
174880
9982
22785
26614
9254
126102
177715
10426
163630
175171
117655
141415
126063
10429
28176
174816
177006
95577
117733
173453
177891
10076
117627
171267
178191
181268
172461
9244
132965
10339
173448
177010
10311
57779
10493
10522
53413
176913
181262
139846
172455
173465
8839
10557
58156
177253
178215
10454
16372
24402
57739
126115
177259
126088
9221
138337
139800
57872
10639
174822
10594
10688
176864
167404
10599
172372
9265
10189
10634
705407
58625
120685
139546
163620
173432
10926
170795
175169
10338
126070
133247
175123
176365
126121
145621
173088
175159
126084
178196
10664
10808
22745
28516
132981
10774
28426
117727
119521
10791
175091
133281
177020
176912
126129
28168
117750
117765
180585
172613
95545
172456
10621
95560
171310
171313
174800
172520
173474
172666
176535
178156
177182
12534
167106
172410
10358
57724
173389
173417
173423
175096
9136
10590
10642
120642
173412
22769
126125
10861
176904
10632
117701
171296
179601
10428
172626
28240
175552
26577
166553
173402
177171
22739
117625
120708
173430
175157
10422
22757
98269
117749
173411
10772
171350
172593
176897
58152
120666
10608
95587
7671
176906
10574
10347
10384
10886
18154
10170
53839
141416
173584
117688
166098
172678
117756
10903
176792
22771
174368
177880
10419
172397
173482
9133
10497
174875
178184
26559
174833
175609
705416
10858
11997
133269
168017
170633
175132
705410
10942
10455
57999
10732
176921
10740
132966
178199
135865
171014
173038
8412
126110
167723
10907
117742
172630
705436
10512
173375
62097
173255
