sample_id
166328
171291
126123
174373
373220
133262
95559
172642
19381
145559
172630
10431
10614
10715
22781
28571
126093
740969
9982
10479
132964
145625
173077
53945
163639
170071
10563
22757
26586
10818
10867
58195
172403
172561
172594
740972
11964
26603
120705
136791
22786
95533
95581
177906
698635
27486
178178
9133
10337
58088
126128
135302
173270
10436
171897
7341
10499
18421
28245
171243
810099
117685
171269
177023
167622
698640
10135
171270
172492
26558
97440
18154
26892
54682
117714
172651
10541
175135
164871
173053
173493
178169
10162
178164
95578
172619
176902
176972
178165
120715
163647
175535
56961
140526
175154
10692
117687
120670
171497
9591
10357
132952
172544
173475
175094
170784
172615
10673
119514
10415
10718
10894
136693
136981
164802
165015
57977
95516
140204
173400
178170
27522
28204
126102
141775
168012
170039
177715
811217
7657
26599
167926
741015
10774
58126
140488
171327
10586
10695
57991
163636
178189
10476
10767
168929
173422
10831
22762
171719
176908
10341
10850
12323
174853
177894
173446
176987
174851
95620
173428
57892
117088
170178
173410
135533
10384
77962
172657
126077
171326
173567
176977
178167
173620
10389
164596
174376
174822
10878
176855
22771
95537
95599
10491
10473
10855
171313
28541
166406
172559
9192
52562
172520
177720
176615
10670
54752
163979
177879
10424
10630
117742
120700
164870
175162
9983
57908
117738
171335
171352
8394
57875
170184
22768
98269
27323
57914
58008
172624
176839
176897
10293
10808
139838
140640
10080
117713
117727
740970
54568
177206
10599
10748
136266
139556
141425
698641
176922
10800
10888
165719
10328
58012
117660
174911
177266
22719
52328
54782
172551
172637
10612
95462
150431
176870
176891
176924
178200
10917
170923
172663
140213
133281
163821
10862
10922
27619
175121
53839
54002
126062
172599
181272
140557
141446
705398
27129
58160
173372
373497
54467
10864
119621
141403
166033
174873
175108
137052
126060
132965
136208
54144
150542
171307
172650
10598
136835
170807
173080
176905
164865
176918
10322
56455
10877
95519
132989
173442
10469
10698
26862
175106
10735
16406
134667
176887
126124
172610
176955
177260
10394
57840
173263
175092
175123
178215
117737
174900
178156
10907
95582
171245
173370
174836
95456
170146
176847
27678
10377
173273
176906
136259
171301
10924
117754
126072
139864
172438
178216
10531
141402
177159
26980
176813
10526
117702
132974
139879
10571
10622
10812
58106
58149
126116
166186
10168
119710
8724
10475
10819
65391
136539
178219
10739
174835
10505
10752
171571
58041
135328
175165
176893
27551
58037
173439
10144
120722
172446
54352
173255
177224
117755
10782
45606
139840
172408
176833
57970
139849
164461
181249
172574
176874
57739
136499
172387
175110
117653
170763
173418
54373
58203
119527
140668
163989
117753
173411
135106
172562
10936
132980
164908
10616
28151
95525
175545
176872
54263
171380
174810
28185
150206
176899
133249
165932
175104
13436
119738
171306
171353
178183
28159
28183
168017
177160
177915
139857
150501
176863
10484
150227
172432
176394
10364
10761
165996
171345
172653
95569
166506
58608
10530
53913
120713
140786
10304
52648
175115
176842
177722
178158
10609
17883
170623
57928
173572
10677
174347
171452
173269
705402
10385
172455
10329
177896
54322
10116
166540
120642
174807
119521
175430
9989
141427
171302
174374
10528
22712
28163
95608
171261
172565
176790
10592
54701
58135
10847
28640
52469
170822
172433
790260
28516
53925
137034
175122
173068
136712
174802
10184
173573
117718
133273
174871
175142
176807
177892
173070
173435
54064
171298
176824
171611
27489
54785
172648
10438
57812
171675
126085
27503
141430
38987
174869
10414
95542
137019
177912
28091
173394
173533
10920
172542
177235
10189
119734
176844
139715
126044
176806
139654
171959
54428
126121
28236
58061
174833
15876
58174
172593
175171
178176
8393
10893
15068
22745
54537
58152
171295
10401
163599
10433
172422
174816
740961
10687
10869
142274
166918
174372
173380
95455
117765
178175
7659
10167
173420
58134
120708
135395
10681
126048
174850
176823
172469
10570
27229
167868
172457
10374
126091
10460
28769
176921
10311
172418
173578
178199
53413
171314
174348
13662
22737
173056
58158
171252
172620
10549
27048
126110
126115
117728
27559
177262
740962
26611
133247
173388
10398
171272
10410
173267
176951
177251
136856
373199
10523
54528
54624
135342
136779
136922
163194
10363
172646
177902
10743
117695
167047
141419
178184
182425
182653
58011
173079
173547
27222
139555
175552
181295
1432
27261
58003
172450
175717
176881
10492
176559
181282
9213
58180
166098
8128
95490
172641
176545
17638
136520
171308
178154
95570
10642
139848
173412
173425
178160
698639
53526
175406
176828
177024
57895
170633
171676
176436
163797
172404
172543
10915
57861
126051
173504
172493
27046
120664
126108
141395
172613
173469
177888
28254
95617
120681
172377
173059
705431
28728
173383
373505
120688
126100
10593
58131
119718
140782
163817
178147
166514
10627
95502
95512
174847
174909
135256
10887
133260
145621
10937
126084
175109
176911
178151
163630
173037
173398
22724
58025
173271
174827
181099
136979
172439
173404
174371
117745
136668
172669
174825
57978
117768
171309
173453
58168
172395
178150
57924
9221
22730
53535
57864
58143
95506
166799
171316
181294
126120
171264
172532
10405
117704
136797
150052
178192
10349
10396
10461
172452
173528
58051
170135
171355
173470
10070
28134
11997
27731
175143
95544
139484
139545
141371
10446
117697
10689
174919
10338
10866
172676
173624
10610
10158
10518
95529
95545
173414
95566
126074
172449
176913
16864
28135
141384
176975
52566
126086
10550
10615
117628
10914
10875
168124
173257
173615
172465
10945
57867
141415
10483
10918
22736
177187
22750
172633
176576
178191
707430
9967
163628
10783
45589
172549
22774
7666
22782
117602
136590
141448
167404
175103
27864
95527
136281
10617
10678
119700
133287
698643
740987
45415
10422
55786
10371
27654
172618
10481
10365
10788
135073
178212
54773
136858
171339
27695
126059
172608
178172
120654
177883
177265
174881
176838
740968
165630
175111
139565
150438
9177
57656
119629
133263
172639
173454
177466
178210
10576
10596
78335
126105
139746
173039
176898
10428
10858
172626
176889
9171
10680
10753
28700
126073
117705
120682
166153
177905
10946
117625
175130
28180
10813
10865
139523
171321
171341
135497
163876
164892
168289
178209
165468
171449
22729
22775
170457
173423
173508
176927
705411
138348
173259
173585
10868
22785
126070
167120
176365
10794
57683
172612
177916
177713
181289
10426
28585
176848
136572
139655
172555
135326
166777
60371
165985
170997
705414
180556
373208
10825
117683
28240
141376
177007
26872
139693
140540
181239
10455
13432
141437
171717
28228
110872
177887
10879
57779
176381
741016
170149
173465
132995
139544
172399
173415
176910
180379
10511
172666
141414
705436
813911
172600
175166
77894
141416
179308
136440
176378
10133
22714
171329
173472
180585
10533
140787
165928
177913
181197
28162
172632
177114
170777
171346
173376
179549
164873
167715
174819
176912
10459
10527
117722
172643
141450
175146
177899
167104
119524
141404
163048
177708
177910
58050
126065
28199
57751
117692
133252
173417
729439
7663
167012
176846
178168
10823
57903
177884
181300
10747
22767
175156
10411
141406
373627
10375
57966
181267
140815
150208
10429
10784
117647
137055
10339
10722
11967
22717
22742
28280
172575
176852
179541
10691
175148
10500
117772
175152
176882
177162
139858
177723
10420
119518
169107
133253
133270
10720
10857
180499
10912
26559
699969
175132
178214
8356
140537
173043
173061
10810
166188
28222
54000
150237
150094
163787
10837
172628
10682
54459
136655
126050
139810
10569
28166
171338
117632
136790
173622
133248
10540
10934
150481
95555
176810
10903
22752
173373
177202
177958
57349
170663
170795
175157
176392
177257
54654
95540
171342
175129
27171
28259
95573
168060
176811
176803
58148
132962
10101
119727
150149
150458
28426
172552
178186
135217
9136
10267
22747
58625
175155
15299
126094
117711
10740
27397
117624
10360
171317
172617
173368
178148
705396
10214
95556
10620
172448
177188
138147
163993
172420
177893
175133
179142
9188
171718
172419
176888
172394
178171
54663
178157
22739
117726
28122
126056
28510
174912
176835
176843
176973
164984
175098
178435
9617
95459
139683
164088
173054
173584
10578
10790
10811
28118
126097
181283
705420
10343
57876
117750
54721
95458
139837
10392
10624
172410
181345
10539
57724
171288
173272
176956
95553
172440
172654
22159
58154
119729
173088
10253
65769
135207
163870
117648
10581
126055
136235
172616
177006
172603
175128
26569
171263
176841
10548
141439
150535
176791
9152
740982
10889
54511
117735
179436
140521
167027
173479
10602
167723
10604
22756
139798
175127
54413
117751
172400
58163
178173
163665
173275
174814
174867
176493
10386
10407
10835
135653
10781
17490
178202
741003
10302
177171
9223
9247
10456
55860
57667
164404
172398
174375
119747
126126
34336
10443
136725
136973
172473
28168
173393
167106
174368
10590
172427
126125
141432
172560
11957
28669
117723
120685
139546
150502
177716
27496
119713
10750
177258
10589
95457
22664
176465
10382
136592
171685
173617
174808
167974
10393
173260
177914
176624
183153
135665
27347
10844
10660
22749
120671
173379
27688
58171
10462
58128
172388
174880
26614
173521
175102
175159
164874
181273
117609
140788
843054
28448
117655
150412
57907
95587
132988
176914
177191
10703
96375
176909
22740
95515
141440
172652
10213
126076
172556
173057
178211
171292
10113
10556
166126
10701
28073
117688
141372
177192
10639
28233
182826
10458
126106
173406
740986
28115
150145
10613
54186
172611
141378
163974
22734
171303
182539
167979
172640
178113
172412
175091
178159
12613
95594
174356
176885
181259
178182
10880
150475
10356
95613
126088
135369
172567
174820
176513
28647
58087
136252
57881
172601
181277
181306
10712
22760
95451
136939
139536
172655
10786
52359
173390
174818
176866
173375
175170
176832
9707
10890
139505
174378
811467
172631
10741
117764
117661
170992
171340
165810
172563
10657
95571
171253
172411
140743
172645
178177
58119
136698
175099
177909
177880
10353
26623
22769
165811
126068
10559
163650
165226
174343
10705
172441
10729
28153
57820
45531
10373
171016
181290
117682
176825
10485
173501
177201
175149
171258
10849
174831
178188
10464
10795
126131
173385
174834
178205
814044
133255
172467
10733
173476
177045
10517
28206
58156
78387
164867
177031
117595
140491
26596
173386
10791
120641
137025
171282
174364
176449
180455
180513
10884
10861
27341
117732
136177
177895
10949
57890
174874
173262
178208
10197
170647
173445
133256
13356
26897
172442
173450
176925
177151
843058
167983
173524
165225
176860
181246
10885
175141
54702
175134
175161
178367
126095
173570
176470
181303
10425
176886
54239
119764
182689
173384
172466
173478
183070
10352
166512
172384
28176
169829
10697
170422
58030
57658
173391
54787
57835
171297
172463
173569
177198
10694
27912
58004
176805
176958
12204
181288
10873
126130
164585
172378
58023
171262
172431
173482
10815
171311
176904
10370
126083
173436
10690
173432
176916
180574
10929
176923
178198
10495
172451
172638
173402
95453
27423
173544
705441
10684
172606
178194
120712
176826
10565
57685
171350
173462
175105
10039
10558
117684
7326
174890
10567
10607
27415
95583
171348
45594
95565
120653
10474
10494
54397
10726
172609
174377
177182
165807
171330
172530
163150
171267
9140
10501
170762
172401
8375
10372
173066
178197
139651
172602
173403
176854
176892
10366
10651
119616
133284
171870
10082
136336
28755
57833
95500
176895
177256
28120
163620
178146
179601
27445
58000
139624
10551
10851
119593
171323
173027
176903
10472
10437
28683
58067
117770
132966
172504
13440
173621
10798
126058
173440
173522
10404
28209
178204
15652
173265
54256
181310
176522
176834
9464
117749
142845
811907
8421
57870
139636
10672
132981
10368
172508
182430
10611
26598
172512
140807
170639
7664
10892
117724
173452
181268
22819
141436
9158
171351
9159
173499
10595
10688
168211
176864
10171
10379
27343
176850
178207
117650
120650
126078
133245
740977
139800
28515
171273
171910
172553
9553
22754
177897
10587
54070
163631
170144
177146
171286
173408
173580
9265
27449
10406
136331
174875
27267
57961
165997
10508
10923
173421
177882
9905
10515
117670
171284
10724
175168
10842
176804
10553
18909
176877
28249
171265
172660
173449
177901
178505
139854
10354
10665
54190
10502
139839
173467
9254
55156
10772
117712
171235
177719
177900
173571
174360
181320
14408
95539
95554
117748
126063
176858
177904
10452
170721
174826
177710
57983
58186
171040
177197
139606
171035
176714
57804
172677
174804
144598
174877
181642
172664
10579
10891
133242
139682
132955
163852
176440
176896
177020
177891
22735
58176
95523
174864
10859
10897
27364
10451
172529
9082
170096
54228
177183
126054
139842
173460
176865
178201
10944
57879
78038
140793
167241
175174
9229
141385
173579
176959
57973
95560
10263
10391
10619
10848
172458
173254
705401
177972
177194
95574
126079
10141
10400
163244
172566
176933
10583
163807
10846
10580
27101
117719
10942
139694
141377
699959
136850
172423
172435
136788
171251
176817
177018
182131
10713
27098
172426
173029
181317
9230
57993
126107
27624
167391
178196
28513
171039
10623
58179
10608
150153
10881
10916
177189
117733
138676
173510
95616
135285
173416
173489
10856
10930
136337
53837
95546
136289
140374
140542
10504
175100
10412
58076
95505
163567
173058
173458
8409
10358
135463
177219
126061
171247
172622
173549
10762
170804
172596
136697
175113
10935
174840
164626
10387
54136
698648
10434
171242
178213
178220
10843
170067
8387
27264
172397
174844
175160
178463
10359
10898
172415
172429
705416
28645
176483
176557
176915
139656
26577
95591
178193
62097
165775
176629
135215
175169
698646
10552
55306
172597
58016
176801
176900
26903
58138
173261
60356
140541
117667
117757
172496
58028
7671
172621
173481
117715
133257
172461
172667
28193
10454
373440
166498
10566
10594
168278
58185
172665
8652
16710
139623
10584
150079
9987
95580
22765
172417
176962
10383
56359
140514
174823
167869
172434
10591
126067
172647
182079
10435
173253
10441
22773
166155
173566
27797
170875
10544
10952
174366
176788
54684
57980
95609
149984
10403
150487
170727
175164
843116
117773
126081
172393
27112
28238
10561
22784
136859
170998
171811
58151
95517
120678
373494
175158
707399
10447
10562
10721
10785
57872
171334
172604
10342
172383
173274
176652
57939
126112
171241
57854
173546
135363
171280
65712
167235
171014
172614
170684
171266
173474
14092
54308
8412
165992
167376
10793
27184
139552
172511
172668
173258
10521
165227
10909
171325
10395
172436
117763
119707
177711
178948
10477
181395
10440
54123
173468
176862
10709
126103
177253
117710
126089
181325
9129
22723
10775
10390
174830
176880
7674
171481
175114
58150
174821
172447
173081
173509
174339
10514
96374
126133
174848
176907
171320
740974
163837
172658
10674
173434
177086
58070
139644
174824
10503
171318
177885
58072
174369
10381
28147
27092
119759
705407
165046
45443
119520
95579
171563
95625
126064
176849
173441
10564
126053
171276
171315
172629
173496
174843
177099
54195
96355
135202
171015
171319
171523
175101
176845
10636
171796
179696
10048
10706
10901
57909
174811
27253
10754
145726
10801
126118
136486
173568
95577
167115
175145
176818
176861
181123
10076
57911
57972
139754
173392
10449
95619
141445
173586
174813
10845
117756
176831
177881
163105
171349
10744
50061
141387
10164
717356
27585
175173
181309
10430
10871
10278
117771
174846
27185
10486
139836
167676
171257
54214
171299
174800
175112
705397
139323
181262
11971
133246
173034
173552
117706
58183
163633
174837
12339
172372
10780
57922
164491
176819
141442
172424
177009
57938
174344
705406
95520
167591
178149
740963
174829
7672
10638
140726
28160
52535
10926
10402
10512
174362
7662
10510
10650
136913
139643
140756
171250
10625
95585
172644
173266
176920
133279
172627
173616
57925
141457
172577
10547
10664
140517
174798
117730
174812
168274
177207
10555
10568
163600
175089
843091
10662
10732
172456
173448
10480
133269
172444
172595
173038
117693
163982
177721
10194
150303
164961
10488
117739
27506
175124
176471
10841
171343
172425
173456
178179
10468
58071
117743
28439
95528
126092
54675
172678
10340
10457
177889
22748
137666
173538
176792
58144
175163
181260
7313
17090
171300
173035
176917
95501
95526
173484
150173
10417
173433
174805
165223
95514
174359
176840
10489
55393
57842
58166
173397
28281
126104
698636
10574
126099
8381
10347
10361
133286
139626
168463
172635
177263
10237
10432
54378
117716
126129
22732
126090
57489
174345
177010
171310
10183
10493
10749
169278
175172
13654
117690
178900
10490
170111
174841
27729
95572
173457
173583
176829
10676
171238
10369
78273
177199
177208
173581
95564
173389
10419
126071
173473
180575
10925
163580
10497
172468
176971
178163
10632
13721
173523
178190
10463
10641
57930
145065
95601
141434
10327
22725
132957
10409
10439
10572
10711
58033
168465
28200
171336
172521
10597
14114
95596
10905
164744
10921
172482
173480
53914
171328
173471
166345
373508
10108
167912
119743
176928
181279
181284
10886
57926
117627
171271
173276
175131
705410
10170
168229
173074
10450
57591
126080
178161
705404
136434
173577
9244
57999
174894
175116
176837
177911
10423
17895
95538
136643
10482
95590
139846
172498
10557
171354
172623
173502
177270
176952
10853
170866
173268
175107
10702
26593
54310
78137
126109
175096
10766
28127
178187
126101
172607
7322
164883
181321
10663
174358
117600
178166
117766
120684
133244
36878
95606
176919
178883
22751
95562
141435
10603
10863
135294
136457
171324
10298
10742
119529
172605
181285
10418
120666
140698
150507
172497
10787
10573
126098
19407
27095
10671
165228
174872
167636
172478
177164
178203
173576
175090
150199
166161
27226
28078
137002
139625
163955
173409
10621
10832
55982
95503
178185
10634
10799
139653
177168
177886
178155
10442
117701
171296
10600
78052
173483
175140
10940
126119
176859
52593
173419
174354
9994
9965
117720
136845
168064
10522
54847
172550
10542
10560
117734
181254
10507
172406
10367
11959
40654
132971
164896
174361
177259
173574
174346
173430
173464
173575
176746
