sample_id
25798
25373
25777
139795
25234
25852
25436
177030
25002
25379
164873
19407
25364
13060
25859
165087
25197
25429
25832
25668
25758
25627
25264
141272
164129
25182
25535
174909
25736
25238
165227
25741
141261
176891
141200
25517
25375
24483
25651
24969
24922
24684
8070
25819
25711
165225
24994
25301
25327
54104
164127
165223
15068
25367
165226
164867
25662
164870
25335
24707
25818
163630
25636
25362
24713
164871
25358
25347
25229
24469
25836
25489
134886
141264
25374
25323
165228
25001
164122
24905
164892
164874
24988
823
9127
173019
25666
134823
24683
24933
141273
25184
164885
24662
24957
25353
25531
24963
25802
24653
25797
25702
13753
164883
25873
15811
25172
25671
25190
25009
25742
24962
134665
25380
