sample_id
13540
811829
27463
708343
19713
23362
137552
154933
27399
28046
808364
148261
167104
178441
708202
739130
811557
811825
26575
27556
137837
183283
28146
179227
169362
811599
26601
27470
28427
101848
811505
811878
26698
708345
137417
137723
164479
26270
150817
164646
165415
169356
27528
808378
26285
155527
26438
27784
78346
95578
811656
811675
26542
27359
38990
78364
176892
811875
25218
26117
137274
137366
168731
811575
164813
169256
811604
123496
811939
101832
16500
26960
155608
169042
173060
811762
25537
148224
164855
811594
811612
811770
167089
167406
34659
47898
141436
811690
27914
140653
155610
708235
26305
27173
119659
811442
812705
27947
811775
22678
27953
27975
169291
182240
708239
811793
812543
26738
182080
811553
19017
25116
26789
119608
708245
28641
140514
119784
148369
169326
180631
148039
169997
713436
28692
708364
708356
26779
155525
155599
27353
811670
176998
28502
123415
139858
148153
808398
151036
708261
811578
811650
150108
811678
50059
812684
46758
117627
808785
811917
25061
27927
28607
119647
811574
25726
26907
164721
25050
26106
169237
155533
164700
27380
137193
182829
811681
26405
811899
12362
28720
79990
119697
155558
811608
101778
182339
183205
25114
27203
13544
26489
27411
123493
126104
177949
26312
811568
811818
14808
123423
147605
155477
165911
811928
28501
708243
811717
14860
27014
27110
57074
137443
26758
170245
15410
101810
135435
167123
27157
27960
123616
811920
140793
179334
27945
28654
64945
167192
15504
166973
811217
27936
167174
811532
811816
811880
812534
27329
165917
708318
26667
183153
119856
148311
148343
811509
22890
27607
139696
176889
811496
811888
811894
27669
28648
135563
27008
28223
708302
26562
122060
811958
140777
828778
164131
708352
811645
698641
168229
23568
27987
117125
117739
137680
169265
811596
27461
78337
25352
117735
808384
20880
26252
78354
705450
811738
24681
26678
117650
811847
26979
18816
26020
26506
78336
126067
705493
811902
146931
811620
26805
28721
811533
27386
708336
811453
811470
19340
27324
27854
708321
25736
78344
147766
164731
169080
169239
811653
811586
167978
713442
27370
28680
78339
811767
26682
148034
373481
57758
119597
12181
27145
119774
169290
811725
27185
27462
119788
178957
811614
811755
27566
123402
137648
169385
811672
811798
28718
26391
27907
811892
119515
16093
27352
123620
26551
26872
27526
164681
708327
811839
27644
116569
153862
808402
27668
119790
708230
22230
148165
26900
27404
28496
169372
708331
26620
117720
137422
811435
117632
117757
147898
25884
26035
27321
101824
164576
166023
50149
137830
147460
176967
708220
808393
811884
27107
137605
168451
811452
27423
119848
137080
27841
27868
14563
27441
155677
169255
179786
811955
24902
117771
169355
812560
24865
27428
811903
25379
164702
178427
27962
28647
119620
27633
78320
708222
837185
26774
27234
708254
26273
27374
164554
155513
164828
178101
811560
165254
169263
811687
22666
147923
164878
25583
27922
811703
150951
155481
811494
811924
169364
27262
27397
117572
139742
811497
811524
26228
811842
28408
117710
808367
811692
811937
22829
117668
117732
167203
811882
148188
708224
27361
179692
27600
54285
107387
126093
138189
165487
167311
812536
117138
120711
155651
708248
28485
812533
705440
19888
27853
147889
151590
811934
119521
148171
169398
177986
138182
146896
708234
811644
811720
24376
27141
28281
147615
155604
176975
119508
169404
126120
811632
811909
25447
27785
57131
96355
165490
811480
811814
147202
151523
179269
182519
811211
27151
811482
26089
811801
165390
179358
705479
708366
811484
24582
83925
137074
166339
26200
28693
135714
146814
808400
812556
24460
26814
119849
166190
167187
739215
14366
165439
26530
27943
50422
811628
811807
933863
34318
101795
137283
812680
26459
17343
167179
166135
811459
811883
27333
50398
171707
25581
27582
117750
26088
26362
148262
151645
821018
808392
811556
16110
26148
28697
150947
811873
26421
123400
811925
24986
27098
117638
165412
811651
811662
27094
27839
85457
169393
811517
811541
811944
119525
155046
811549
811886
26603
101759
123489
713447
811538
811676
27910
164824
708246
811544
23523
27715
65131
165228
811654
13838
27527
135769
150968
155637
164667
164836
167111
812681
123475
137101
811936
20799
138053
14409
28286
48239
811659
21804
139899
23655
25540
140661
164561
166052
23008
27017
28484
811489
25074
27631
171535
705427
708310
26785
26881
119742
708305
58567
137843
708238
27311
21079
24340
176917
179690
811508
26635
101827
12771
78371
811427
18808
26830
26838
28510
40654
78384
26110
28553
137848
147591
27511
28655
48188
812522
26314
27889
28657
126102
811890
24715
119550
178359
117730
148211
27867
147883
26503
101836
135696
27654
28529
708260
25169
119627
128664
139907
168017
24568
26322
147886
26781
136455
22844
27342
27619
148235
739258
126094
812515
811439
22985
26810
178627
24697
27565
27847
27899
167092
179584
811432
811943
28478
119713
166180
178205
27071
58570
151694
179701
12728
24999
811548
811691
811808
811833
888281
27063
154932
176941
812523
27394
126081
168286
34608
137744
808382
811710
26191
26963
132954
177606
27029
178531
811926
811942
18164
26784
28331
811597
25834
811501
14879
888332
26604
170019
119658
148260
27796
708307
811729
28550
126057
811522
811531
811964
164716
811784
811776
50137
117600
137934
167100
25026
27545
28302
167190
16398
155509
165241
169081
22856
27505
177260
25356
790223
38987
78359
141395
164724
811688
25043
26224
811481
811642
26188
27384
811528
811534
811564
21106
708252
811448
811677
811751
811787
150258
790043
27347
811806
26707
95608
169407
811536
811591
123535
169230
705451
811595
8577
25795
139809
708232
54550
137997
811613
26897
137232
811791
137729
811809
5455
27161
53292
64958
167112
27622
26401
27303
24438
27002
117571
136462
811649
708311
27813
28258
177091
136676
13899
27970
117671
811744
169360
171502
808412
811529
811887
23190
27913
119655
119695
708341
78357
119626
169354
26982
155485
25990
708334
25269
808396
25665
26120
117148
78154
811932
117670
25908
57787
705410
933876
26871
27596
137613
155613
155679
19323
28019
28678
155572
708203
139718
165138
698635
811800
23558
24871
25746
27435
27442
27781
101797
812709
19779
28121
83922
117773
164454
933868
811617
34770
138135
147634
179014
24920
138100
180379
708223
808375
811455
811768
14279
843176
27180
811498
27197
27842
28734
164870
179240
811640
27482
169384
808418
811655
17636
165240
26533
78356
166617
811429
811669
811723
811792
26882
101769
117647
155620
169312
170422
811697
122102
27398
164660
811576
24928
26242
139747
165465
137786
148212
165938
179644
55793
78801
27456
53294
147894
811545
811647
50064
167177
141397
705436
25364
27552
147212
18643
123498
167172
139763
177926
811859
28282
28389
101774
117667
139694
167163
25517
25359
119632
164858
808772
28658
164831
27344
705453
169388
177166
812676
27956
40651
179998
811741
27340
27539
34325
811634
27006
57763
138116
155571
708328
78365
27797
28609
139877
27817
34178
119857
180377
705466
713433
811929
141385
138119
141263
167113
811796
27121
117711
117754
166577
169248
708304
24345
26888
26904
137955
169420
811922
28217
126073
137751
708229
811621
26658
173070
177010
178108
25812
58620
167771
14050
27425
811930
25342
148294
178581
808733
25001
25616
140712
117768
167166
169244
178210
57533
19251
26147
28481
137860
811911
169266
708354
14741
138142
146910
177597
24747
27492
139831
165245
25024
137394
137879
138076
933872
139486
147208
811477
811540
140609
178444
28280
122074
811605
811885
117742
141424
148354
708350
811598
16000
25020
107303
812537
50413
126068
167115
811569
17298
138073
19326
22836
78369
180589
790222
119843
164722
811603
811945
25456
26063
27543
50061
117268
166012
27246
27356
57718
708349
169374
811740
811747
28596
165263
169323
713438
27494
25099
166338
811694
811907
27255
164262
708251
27496
27663
34244
148162
705482
168390
178185
811769
25119
26598
28459
126054
151626
8580
148325
811255
811805
22850
24981
27652
811704
811739
117626
135475
167929
28616
155495
179251
811259
811506
811630
26956
78142
155612
164551
164558
164881
811679
14778
141439
169395
169410
25927
123414
164885
811643
708221
811871
27488
28546
811841
26858
117172
139526
708330
48000
126076
139918
8615
24922
28635
137499
137536
147251
27430
155561
155570
169264
178979
837183
27775
47987
178522
18155
13433
138126
708213
25363
26465
126066
18601
25593
122096
812603
828786
25895
26202
119574
147644
811663
135278
705496
808405
26267
811441
26302
20873
811789
812616
137317
166077
790260
811561
22831
24896
26076
65126
101807
811666
139523
705432
811646
933875
148284
164548
811433
25081
117141
123437
27750
155034
27835
147210
179268
140545
811635
26799
28610
155040
933870
25133
26119
117756
178044
708214
26740
725676
26060
164386
22863
56973
169376
28637
50386
155476
177198
708255
811815
811949
24349
166325
177051
169240
169352
808419
26813
117738
164990
13718
23125
27330
27862
28005
155560
811685
27059
27323
165266
178454
26262
50049
57579
123718
811660
28640
53768
54814
168033
140520
54754
147904
167200
708355
811600
13052
28614
169317
705401
25549
28463
155486
12788
28561
54224
137660
169288
708339
18405
117718
167109
169232
26548
27506
53673
95585
811499
26030
27261
50420
13859
26338
146883
790244
811463
117705
169348
811693
15797
28037
148209
708306
811963
25898
27601
155626
179780
811904
28461
53251
119621
13779
26659
78347
169397
176916
27895
54070
58579
811872
119674
169340
811475
27857
180390
713451
27426
78340
126130
166295
169336
27205
27815
164564
178367
21087
26366
27138
27486
135777
137445
177266
708326
808390
12554
27836
53503
53686
119709
137946
169278
18412
120648
811582
27553
169339
24866
27476
28241
28565
165262
165385
708348
17985
26640
27343
137352
811836
139798
708208
26712
138148
148005
167091
811750
13794
26613
28395
28741
137902
148272
169238
811938
26121
28612
123460
140637
811948
147621
811689
119587
169369
808374
27025
812532
26234
154958
155588
176913
177930
708361
808414
27688
28516
148097
705428
811457
25840
28477
27591
28360
126088
140626
13653
119637
150922
812566
25367
27114
126061
155574
708210
811485
811518
27559
137153
165235
811742
946366
28571
164835
708241
811472
27413
811602
27372
117722
141425
169236
739123
28468
119560
138005
27363
78342
123678
15597
28034
48228
57797
78355
98274
101822
150318
164323
808371
811856
27033
28500
141271
811215
811523
22654
101843
25128
27152
78338
17066
165261
178495
811562
811760
705494
708218
13611
28009
28156
811780
95459
119634
811696
139495
183132
27231
28024
119750
811619
26418
28448
28630
57722
78370
117737
155565
26939
27436
136886
811539
811810
26453
27861
151504
135132
26701
28605
140551
16350
27360
811897
812656
25343
27880
27911
27934
155552
811900
24403
167189
811464
25953
27037
117238
171751
26287
95486
25348
27198
47514
166943
177009
739172
811966
119802
137520
178042
119747
26278
56896
119798
137982
167161
26447
26472
28690
169409
811712
828783
27249
146818
167198
713441
147594
155557
165454
811658
26000
27355
119712
123492
26492
28127
123611
137666
13029
24921
27753
119815
26862
27268
27300
101842
128657
811876
811931
23005
57361
57609
78368
126100
739224
811786
27583
27627
167194
28716
141435
153811
22822
28429
177135
178207
64836
119726
119773
55085
117581
176912
739175
811797
155478
168566
811515
811857
820907
27408
28660
167168
119527
119631
155511
25596
27341
27415
101815
119814
169406
177030
708258
28653
811799
812678
176976
698642
27909
48003
169325
179015
811959
25727
27807
27924
126084
790221
808394
135829
140756
811967
24450
27101
177227
790207
808406
811699
812649
27305
28530
808399
107293
123413
126074
154967
811777
933866
24615
25011
25012
96356
708209
28063
140663
811552
811828
25143
27865
83926
119693
166814
27239
27642
179023
708217
119611
811827
140701
169400
26245
141416
151537
812511
25538
27517
27891
137967
708244
837190
26244
27700
27890
154938
811458
811507
26875
811968
178382
811834
15811
27421
28600
119736
123490
739115
27510
27977
164694
169282
25845
26669
137481
808411
24851
25852
26501
101844
147952
169268
155611
101785
107563
26254
26848
27307
811683
14086
42126
25597
26078
28643
811960
27604
78358
147643
178489
26067
26720
28636
101811
25915
26806
27414
27617
119757
811743
708211
811927
123480
137921
166587
708308
155655
25864
28043
708205
811530
28688
136761
137872
140736
177959
811721
177059
13784
28036
123621
140668
154996
811870
117715
137793
126086
708207
790224
811850
933867
8584
169322
811503
888270
23004
26272
27448
53402
136324
165455
811867
25632
26554
705421
811430
28512
137886
705411
15818
50039
137636
166608
808413
177026
26032
27236
123430
812682
28007
28567
78351
27878
126108
811718
17742
22291
24638
26072
117706
137505
811714
27455
101834
167095
811629
119517
812519
167120
705447
24581
27320
28766
101813
708247
23234
56952
705461
123529
169365
811764
165088
811467
811707
27147
811668
119819
126095
811465
811912
155579
713435
28136
34321
123469
165941
180387
739260
808397
811559
27531
811550
34599
53363
167193
811652
25723
27454
27998
78353
169316
28017
119578
708324
811860
18632
24900
27418
811637
123434
167181
169417
790220
811493
17605
811790
26231
725680
26739
27295
811476
28590
164865
808417
811940
25039
26086
78374
101823
123440
137236
739195
811473
811625
811952
26417
165223
173039
179236
808408
811444
26316
26498
34613
137755
153863
708342
17951
119591
164860
811865
23211
180391
811260
811593
811746
811788
27580
101841
117625
137169
713443
808379
811953
148250
167110
811479
28662
50044
811962
122082
147917
23259
25430
26251
27634
167162
25141
50031
183201
811551
812608
24412
65634
117685
177999
14404
811623
811752
26708
28295
148231
183344
811610
811716
28588
141386
26645
27588
808416
25713
140703
28538
811525
811566
811901
812542
811456
811684
27271
179369
27611
148276
167300
22807
78352
147944
811794
811947
22665
28665
57757
811686
26726
27149
28670
167441
705455
27606
28492
165505
811749
23244
155498
155532
708219
811732
137457
166162
56344
155505
811724
812648
16275
24897
26129
119518
123465
811935
167184
811581
811728
26337
705471
811618
123429
166097
169233
811606
27104
148373
164883
167288
169366
705470
811783
26104
27227
27498
117749
166959
167167
708233
13349
179498
808383
131912
8595
25986
28745
126045
139628
155554
164677
708332
28591
78366
148190
155536
811898
25017
27993
117682
139827
164706
19985
28620
166087
176964
27560
164848
177599
24693
27383
811592
25602
25984
169281
148317
166570
177928
811737
28633
123433
15663
24625
34581
56133
138072
167735
168224
811838
25784
27083
811543
811722
117743
137288
811460
811601
811782
25055
25084
25863
179289
811535
26256
27401
24852
140575
169063
708359
28536
164543
164545
25144
26883
705404
811527
14600
25264
27406
27938
148000
167175
117135
169273
837186
837189
28599
77929
26911
117751
119526
27855
28023
78341
165970
705444
812518
14452
26199
26903
123424
155605
165972
26193
26226
179538
96363
155622
24914
164549
169231
176918
27590
117392
165389
708346
28713
705397
811438
13261
25743
27603
155490
179693
19504
26576
27429
27714
708226
708337
27369
155537
177082
101835
811961
27410
166596
708309
27265
27664
169390
176920
28039
78372
183169
708236
708242
811450
24483
119677
169396
14947
27416
131892
148247
164469
708237
147900
169303
811554
811889
27129
28020
136337
140716
164704
164825
811449
811950
27502
78360
117775
167545
34604
821021
828785
179039
28372
34761
705429
811879
28683
708322
811671
26326
26516
708216
26905
153788
705459
812528
57511
170202
811436
811941
164838
148326
167114
27466
78388
101768
811500
811615
25991
101825
147427
708363
811802
811918
812546
164837
178011
26497
26681
27082
26398
28587
123676
708353
811759
811861
169318
26284
28601
57766
147946
708333
811638
811845
14496
23632
811726
811849
25048
27092
27707
27293
53237
166582
811848
27597
27653
811537
811869
28547
119646
169260
178463
811781
25555
28364
147613
179016
811521
811731
24979
55664
148047
117766
126103
708317
808403
811648
811785
126122
177270
27240
27640
27898
137698
811502
50048
705458
811563
27529
811826
811954
25981
164830
15979
25362
811734
26754
119691
140517
148021
28404
101509
155567
166761
811504
811520
23062
27500
119630
183307
811921
12328
26973
28582
34286
141404
811795
811933
141421
169286
811636
811745
811956
27244
117579
167195
27105
117687
811451
811526
811881
811965
26300
27920
140579
811466
811682
164652
811565
811923
8562
27873
167145
708204
28539
119858
811864
26127
117274
126050
164823
811778
812561
23217
167097
24985
25810
27253
54331
177039
27390
811854
176939
24601
26125
147373
136789
17060
48058
165501
811772
34324
117713
811906
812517
25018
26283
57252
64658
137162
117594
150431
179013
26170
78348
139536
148271
811680
19038
25009
28652
708200
164663
25545
27177
45747
57760
137781
708340
811661
27577
811627
25002
27443
167124
708228
28715
141419
64996
137126
708347
811468
812695
147926
169363
811577
27572
34306
58558
123477
169386
811919
25826
26520
126131
811853
24738
24977
27396
27422
78345
164887
176893
811483
811639
137348
167180
13415
16013
27431
169344
739206
812673
25049
147213
812526
14051
119807
27155
26049
27281
27533
27100
78361
828774
24844
34303
708227
808415
15614
119733
178647
811851
27332
27900
78367
182131
708313
126065
182844
811491
12757
16848
26463
167108
808365
119604
78343
176959
811641
27081
25499
26569
27316
27477
139915
27912
34285
140630
147614
177161
811891
119860
811516
179209
811753
811758
811862
812539
23010
25132
27066
26238
27647
28504
48124
117690
78304
811730
119516
713455
811701
12707
24860
27657
148256
28770
119749
176923
811774
140758
164818
713446
811713
933865
126109
136234
179503
811910
25040
27256
26364
27095
22851
183011
739239
26595
933864
27181
164560
808404
811705
811736
811766
25278
48234
26352
28015
126058
164389
148346
165244
169270
26662
27872
154964
811832
8571
24613
171374
933871
811609
811893
23162
26934
27474
48220
169075
19546
23077
27326
117215
811445
811719
26159
55947
117566
137742
177960
26537
26976
164552
811761
811946
25068
27099
27896
167018
178457
739257
811821
28208
169347
65599
183208
811915
119595
150184
164436
166600
705457
24584
26487
155621
708212
811258
811700
811951
26217
117734
148010
167096
177148
140752
147203
811212
811711
811905
169359
811447
27550
177145
837187
26357
28212
101837
140657
28602
137774
167196
705490
811733
811803
19471
137906
24855
101831
126134
169243
27354
78350
45741
147227
27128
123454
155617
166114
811858
23048
165225
182095
811567
811957
812538
169254
25755
27053
119772
808385
25471
34719
46757
78349
166920
167289
811633
119680
141410
178455
811495
812613
123436
137861
23233
155492
26151
28656
147632
119509
164816
811583
811866
26243
26544
27417
28371
151505
812555
26325
27930
147603
713444
23381
148275
811896
57726
122171
147983
166301
169296
178085
708357
808409
25968
141368
169342
177062
811588
119554
164409
165733
812529
16761
22963
119756
123444
27263
137545
177982
101703
167469
27178
164843
24942
27213
183070
27768
165500
811843
95502
177933
811624
46790
164868
698643
811709
811811
933869
23263
26039
177225
27297
27902
119546
135382
708329
13090
25376
119543
166966
177031
811462
26668
26839
28585
811454
843155
26892
27188
126059
167405
169315
812588
28251
164644
26618
38988
101788
811611
147984
25792
26279
708323
812530
8587
26928
140677
28513
28638
119529
708365
811863
34319
147630
811555
812605
25008
26502
28668
165435
167171
811817
27289
27990
137743
24867
26549
811813
828775
26636
27458
27493
55995
101816
164459
167153
26452
26666
57717
119738
27373
27971
708206
811702
26239
837188
24555
48190
115347
126085
132938
53613
811913
24872
28540
50372
148278
178988
811492
27965
28589
54572
137575
811908
54057
117688
180389
155606
179495
25005
57604
26695
28053
128662
137092
811261
892512
27871
28483
135570
708231
811735
166614
811514
26531
57764
117612
138169
164254
167101
150542
155499
164711
26671
95503
128552
148223
155607
165961
23444
24641
28608
57771
140695
148191
167157
17577
27346
708320
28632
147222
164859
165425
708351
28517
139524
177253
811585
708314
708303
811708
27391
45607
126048
17779
26860
28525
78373
808377
811580
811631
101851
705474
811218
811437
811665
812647
27349
179541
708325
811773
811914
19540
26672
119654
705422
811573
139779
147606
27666
140709
146903
18850
25803
28018
139854
811570
19676
169269
811664
101828
155528
25740
116542
169289
812520
28531
123457
147940
165420
828784
24717
28044
811868
28570
50148
151571
811757
811812
138164
811756
25603
26794
28160
708316
811513
16446
151541
167182
812516
13161
178981
119741
139795
147611
8620
27732
140726
811542
26386
27952
137384
812527
811874
24993
811771
27378
54588
177188
811820
811830
25121
148286
26607
27123
28434
708215
27624
57595
101636
137088
167165
168465
811572
27897
119532
8610
24905
126135
57512
169227
178595
811748
27555
28739
126114
165450
178010
148160
178117
137949
27530
119753
790242
26744
705491
165427
26840
24911
26873
28659
178137
811852
24989
27614
27625
24603
117755
137309
147899
708240
811461
53337
705497
811695
828776
166053
179229
138070
27167
137810
148245
148159
169380
24997
26221
28250
811512
27541
28669
147509
169261
708225
812514
26070
811431
19369
708201
25621
26275
808372
811727
812541
27623
150232
708358
713459
811478
15552
23336
137095
23058
27432
28545
117683
150186
165984
168626
34288
148012
811626
820965
26435
811877
26274
27522
148030
811616
25901
48225
57779
117702
169337
25047
26096
26704
811754
811916
26080
28214
95481
53571
123541
169320
26212
28373
57234
139597
164862
28598
34710
57724
123462
148277
811844
25023
25769
117753
164435
811657
811674
137434
155503
85433
119600
119510
165255
811558
812524
26884
27264
27284
28757
50055
126111
148307
150392
168449
169378
78362
139637
167155
26634
26891
126092
126128
179840
708257
811779
25433
26992
123412
140634
705420
811673
812521
28119
34720
101805
164882
26742
27191
821020
26755
28014
28087
26377
811571
811835
28738
28422
123431
26248
26893
78363
141457
18902
136978
13956
141432
13390
808370
24561
24643
26374
138048
167197
167278
828777
828782
24617
54151
117183
812601
18875
26158
811446
811587
811765
48002
811819
811895
140635
176915
708338
28527
708335
24963
57597
14145
24933
27901
119739
22272
24708
24876
18073
136431
164720
811607
811804
166336
811216
811698
177262
843163
811584
27996
811589
25088
176919
137583
164876
708250
708259
26403
119564
55965
148170
166122
811428
146879
811837
12797
28532
708344
25071
27534
178049
26079
811846
56072
119730
169413
50140
139909
811763
23540
166061
