sample_id
23058
10420
147509
27002
28718
147613
28422
176941
176998
176863
10327
54057
177198
177059
374313
25812
138416
26659
164677
117688
26035
50044
177227
153788
175716
169063
147373
176919
177185
177082
147427
53198
50039
138653
50031
25008
177039
25463
177166
138646
57252
177196
27121
48124
10193
25471
117626
176889
53132
176921
176964
22851
136978
28587
375191
373814
153862
28459
26039
25555
147251
21844
177145
50055
810499
20415
21553
810497
50059
47987
85433
28389
179268
53294
117125
117755
176859
9302
177148
177225
26489
27264
135563
148354
374532
140436
27059
373469
374436
50048
23244
28565
375440
23925
150318
177031
150186
53080
48514
27669
24623
138644
54572
138625
34770
177135
176967
177051
176913
177161
708323
148326
164865
177176
138651
177091
373900
164131
24584
50061
137666
28600
147766
25810
54285
8659
148311
27580
138338
166814
9006
154958
176823
148097
138544
27092
25433
147940
10219
48003
8052
10497
24738
164254
26669
739215
22863
88090
176959
53128
178185
147614
9561
373673
10069
141162
151504
171374
182240
7322
140442
75342
140439
50049
21804
177090
25005
117183
173060
23568
50064
147460
6868
27017
148317
375111
176939
27714
811960
53171
53181
57973
