sample_id
27444
27154
53548
8843
25233
28622
9077
176916
178032
27142
8171
164519
28504
8170
26032
146911
26038
27123
28019
8144
119629
165481
27474
27507
28697
10705
8364
8194
8618
25897
8154
164873
25677
26340
8290
147228
28354
26848
171500
126061
27828
25506
26667
154945
164132
178130
21814
57779
182689
24469
28005
28424
11769
27071
8126
148186
8156
27262
18837
26814
27209
8157
164097
27995
166342
26021
25259
26030
27779
25366
27180
8014
27949
27997
165422
12019
25905
25523
10312
57787
177112
27378
164154
28513
698646
25906
119817
26623
16803
26939
27715
119654
729297
8146
7131
27370
164211
8181
25969
8920
177007
26443
23222
28483
25127
14778
26260
164186
25517
28303
25350
24495
28121
177601
24509
164235
27688
48559
178454
28425
28236
8068
26304
8160
8124
27075
164137
28268
8348
22296
25434
107507
34318
50351
23195
167304
28594
8438
47512
119682
28393
8104
27380
27666
26620
179305
24854
26037
126085
8086
747225
27351
27981
21654
27120
28263
24963
147604
27534
25694
28591
24934
25378
27594
26428
25049
8435
28024
26797
27826
27646
8180
27324
27890
177129
27107
7846
374350
25869
34313
8108
27668
28629
26227
179063
24374
179066
28050
27611
27817
164141
27369
28739
8067
27851
375139
26375
8159
175609
373251
164068
27268
27571
57890
26248
28601
25074
8162
26145
8177
28390
25370
26111
28493
8085
25326
176883
175653
164582
101811
164874
27408
28441
27191
7842
27337
28077
28606
179071
27505
119524
8166
8097
25715
26974
170246
26950
167161
812710
26040
28001
26262
27417
27072
27730
167194
26755
148351
28649
26232
9070
28062
76265
8098
27410
25984
28655
375388
50054
25855
27859
126064
8192
9072
27177
28447
177116
27605
26236
119825
27303
25302
34298
11914
25630
28010
28181
28741
8167
48089
25301
28611
1430
10510
28320
164192
8158
10571
8901
179859
8183
27897
170663
8838
28605
164093
8110
164123
25800
165508
25513
27450
177986
123486
24599
148024
28585
179064
8190
1449
27053
25773
26046
48116
27009
177210
8153
50021
28043
10171
26484
24532
179124
8084
25464
26175
58086
58136
26726
134665
8100
26963
27431
26840
28008
167188
28315
26138
8176
8178
175597
27809
698633
169370
8121
22292
25119
147967
164107
146907
26742
26362
812617
8119
26893
28136
164199
26150
26739
25210
24422
27253
