sample_id
28546
34321
811441
25144
811816
828783
26634
27482
811532
811569
17605
25603
27669
14051
26873
811507
837183
14563
27510
26158
55965
811704
811711
811747
28567
28540
25026
27506
708208
811755
811799
811910
811930
27910
811702
27486
155572
27066
837188
708353
150951
811573
811580
24942
155495
811600
708223
811844
34288
811649
708233
811500
26862
27862
811832
708240
811678
55947
57252
57361
811517
27653
811599
151523
811726
811568
26858
811943
790224
811946
17636
27391
808366
26078
811787
17298
50140
164389
148235
811548
828777
26256
151505
811684
14600
13544
28640
28532
147594
811508
155604
811640
28545
26322
811781
811852
155605
811730
117687
811632
50137
708358
811435
13390
26658
27101
140545
811870
811902
151626
811932
708250
27582
176916
811829
708225
811492
812534
27559
26252
808385
16000
708211
27545
27597
811744
147926
811592
17779
150968
811817
708342
15597
26224
27836
27560
811598
167545
27900
117690
811536
812517
811665
13161
150431
708206
708354
811905
811611
28282
708349
811688
28513
19713
812526
27990
811465
811621
811740
790244
812543
811921
13956
811531
27104
28461
57718
25852
811639
25736
177253
57763
811729
708260
177135
27624
12771
811583
811741
28014
12328
27370
151645
811533
811724
155570
27369
26465
811260
828785
19369
811549
26548
811261
811942
811615
811760
27354
27526
811701
16110
27281
708220
8615
19326
811556
811610
811613
811703
27423
811428
167120
811698
26088
27396
83925
811775
27411
811788
811800
26072
28688
117737
26060
27945
811757
13838
708215
811808
27355
42126
25047
27350
25114
147952
811567
811601
811682
811752
811696
811811
27455
790260
811493
713433
708212
13779
808411
18164
25755
811782
811774
811926
27347
811767
811646
708341
14808
139524
811859
14366
811674
933869
26120
28670
147611
708239
27975
821018
17343
811751
708217
27530
811636
13718
811564
28656
811566
811785
148165
811605
811585
811489
811524
14404
713441
708209
811967
811633
27528
811722
811565
14086
26212
26704
140703
811913
27880
828782
146896
811677
27324
27359
811728
811777
811839
811917
812527
26000
45741
811700
811432
26302
155492
708228
119632
12728
28596
811968
708257
148021
18155
811814
27293
811826
27399
808403
820965
26316
27552
708309
811658
828778
141435
708340
19540
27373
811758
811773
811745
26170
26712
811513
27431
26314
811552
933872
27842
13052
811720
811660
837185
705411
27907
155608
177270
811911
28525
811762
811217
811798
26262
808409
811629
28760
119753
28665
812529
811212
13611
14050
713438
808406
27297
147643
101636
25845
119627
13433
811900
28660
27962
139747
708226
811452
811771
811875
811578
26907
27590
40654
811666
811553
811631
26620
28492
708356
27993
811641
12757
27428
811954
708213
150922
25795
811761
811851
16013
27397
28680
708247
147900
808382
19546
27429
17742
27321
151571
27496
811753
811898
812541
148012
811582
811960
811451
148034
811521
811608
811687
811699
811716
27432
811963
26884
155509
708204
811727
811858
17066
18073
28251
811765
26840
28692
708361
811872
811909
811506
18902
811603
56896
27909
27365
28643
705451
811460
811769
28620
811539
811467
811749
25342
811215
27477
27913
16275
18643
18816
28635
811966
101509
811627
155503
811737
708343
27268
24896
27601
28448
811768
21087
811572
933865
811619
140517
811803
808402
8587
26274
27352
812513
13784
811731
25953
811764
811439
811756
811759
708214
811742
811454
13794
12707
705457
16350
26928
811820
16093
56973
151537
811497
167406
811515
151694
139597
28614
708238
811538
16398
811723
27341
811821
27922
25119
811780
811965
837190
27835
101807
83926
811725
811869
27263
790043
708330
811685
26794
155552
811708
27474
28516
811218
811778
27271
27095
28610
811581
708234
811791
708230
811679
34581
28121
34613
933863
708231
808404
808405
811779
28667
169075
811509
27441
155610
26352
27332
811496
811846
167113
811813
27239
27384
27640
27663
811802
811479
27413
27415
26148
26976
16446
708339
168465
77929
811683
26939
28127
811635
811763
19340
26096
25348
13090
811554
27970
183169
811714
811705
811807
28658
812542
811712
811789
811634
25984
28395
811504
811624
147630
176918
811575
50420
13899
26698
28655
811818
811935
25991
27406
811879
141385
811797
24905
14452
16761
28608
811612
28652
705458
811541
22272
708242
19017
811772
811494
811544
24911
708232
811617
8571
27456
811770
24403
26755
155611
117647
708227
28046
811810
27502
811861
811850
26080
811735
811792
811693
27417
27425
57511
117755
811736
708314
811743
27349
811766
811837
14496
148343
811461
27943
811776
708235
708350
16848
26231
26127
708205
811750
812528
83922
812524
147894
811793
811927
101703
705459
28502
57726
27303
28638
811884
180390
17577
811589
27129
28510
811623
811453
811795
708365
155505
811576
808417
27634
34286
811516
17060
56072
811457
27899
811616
119718
27363
708346
25008
26963
811713
25990
14145
811644
55664
27657
155612
27454
27430
811717
27033
167441
26125
27781
811901
811949
24902
837189
811873
708202
27853
790207
811534
19985
790222
811618
18601
811427
812522
811652
140756
811815
27152
811540
28588
811681
811606
27500
811447
811505
26106
15811
811574
811809
27436
27443
155574
811655
812532
811739
140668
811620
811848
28015
708327
28653
26104
26848
15614
28496
811562
19251
811692
713455
828786
148294
811211
28601
811707
811865
811950
25143
12181
811448
24989
150817
808400
708229
713436
811484
708304
26668
27107
808378
708221
811834
27374
811470
837187
708347
708352
27401
25343
811746
16500
27466
27255
27953
27895
708326
57764
28657
811446
808371
811637
27372
28662
34599
811429
27555
811587
811676
811732
811738
811733
26785
27855
151504
811455
811955
933870
27326
708337
811514
808383
27529
812523
147603
811638
26020
708307
811498
811964
811794
811849
15818
25908
811437
811643
811718
25517
57722
811594
811449
811918
811721
27343
18412
27261
57757
811806
24986
713435
14279
811663
12362
15663
28160
708237
811659
708243
26248
28408
811570
27872
811934
155651
811784
26067
811604
811438
811860
155626
811796
25359
26860
12554
27854
811525
811480
26243
25141
25743
811596
25895
17951
708236
811903
176975
27173
28529
27891
808397
811464
26498
25362
57533
708216
933876
180589
26892
13029
19504
811647
811748
811754
708203
708218
708308
26904
155558
811945
46757
27383
13261
18850
811868
28429
808414
27161
148190
811790
27619
708224
811522
14409
811491
811906
26228
56133
117688
790221
811597
26238
34720
708316
811812
811537
811863
811433
28302
811944
811947
15504
140736
933875
698641
55085
811842
811512
56952
811671
811805
117711
15797
27361
26267
24865
25048
8595
140575
811563
25352
27930
148039
811430
48220
27098
28647
140661
