sample_id
7255
17330
54759
119514
170795
22785
141378
10417
172577
178196
12500
117712
135267
171350
175092
178205
126081
10788
166345
177191
166164
98113
171309
176394
177891
9581
10141
34336
57926
172657
173392
178191
9707
10449
13973
150179
173054
176977
58134
171253
126120
135643
176805
176823
820843
10438
10304
57939
166753
171241
173508
177722
126090
55678
168033
172456
15000
28683
28728
117720
175112
178148
55806
173441
13565
52566
126086
178505
17103
173496
808405
7061
57070
10857
58088
168116
174867
178163
181277
10638
708337
10463
10706
57820
172626
58000
135590
140705
27261
165999
166153
168224
171284
172451
57892
168867
139847
139849
22767
45415
136541
168182
178170
808396
9675
10778
10862
126124
10664
126131
173398
9930
10430
55315
120666
55393
57876
16563
19156
177206
13365
8381
9660
10901
16479
138304
171267
172635
10468
10671
14113
96969
57835
10454
57516
173569
12158
17365
27912
95555
172383
7162
58076
97217
177909
16828
57751
58189
95564
126130
175165
176850
10784
10607
14759
16089
22717
140526
176905
15626
17494
57973
96828
170119
172608
10360
26862
126074
137010
171265
10560
17454
173552
18436
58156
167588
172620
10550
10793
13849
15313
137819
10634
10861
11957
17429
12903
150129
137329
18928
117705
15114
171270
10614
117653
138348
170727
173585
126044
171352
175129
176886
176920
178883
9254
16596
57993
126107
27624
58148
177086
177260
10298
17553
18092
20027
57870
140517
172466
10558
10808
117667
166044
174812
174877
28238
119521
373508
740970
10695
26598
58042
174825
176906
177006
176440
176973
119629
171341
171343
172633
57380
141450
178203
10389
12278
14477
117688
58150
177208
10412
55250
95578
168211
178201
141395
741012
176837
95579
176624
725789
10183
10522
13283
27347
164461
173254
173465
10383
55802
10434
10670
10885
27048
126053
126110
19870
28122
95613
117739
135715
175111
10599
28127
58051
126125
172607
172639
175160
10850
28120
165932
10359
10898
139746
179142
179601
790260
14914
174811
54979
95601
172404
172543
713433
10512
10754
58003
10709
139505
22781
57983
58154
126070
173077
176365
176806
9157
15396
57683
97377
176801
10905
13752
142845
168124
95608
171039
10365
17888
27112
28151
137666
167912
9649
95577
126050
117754
126076
10501
10775
168289
808378
28118
97648
126097
171351
178161
18284
177192
10533
19369
163048
14173
54747
136632
10873
15139
10472
45443
175116
176791
176833
176925
178199
10493
54558
58027
705402
172455
10798
13983
28091
10367
117595
27688
126056
175110
10166
119518
141425
9191
172566
163620
171353
172655
810099
10197
18491
27692
174344
13267
172423
172450
175170
10650
26872
52527
62097
177201
133257
95616
135269
164984
19501
57855
140556
7220
53535
166126
167636
7390
19802
54708
117765
181294
10162
167106
17995
171349
173458
19199
28115
173409
176842
177219
178192
9580
10452
95585
170721
171300
175169
181303
10684
10866
54883
138005
10794
13694
176522
708341
9464
27585
141457
10921
17863
19006
97148
176790
181099
172508
173397
9929
117745
10766
150093
172372
22732
28755
133270
167755
95537
117755
126061
137150
173469
15393
15464
170807
177887
713444
117687
138864
172444
10423
57935
169278
9172
52562
95590
10507
117706
164896
708257
10665
16434
141414
10596
19317
55003
117723
168129
171311
175406
10428
10600
10825
178214
126073
173061
10572
173568
176746
10673
146883
15299
177197
9727
58016
176900
15811
135763
177251
808375
22712
174824
170146
172496
172555
132988
174802
138431
173510
181284
14515
56055
126078
15669
95517
9244
13432
150363
10314
10491
16710
28228
170804
173059
139686
171310
178172
10469
172614
181130
176615
177259
140637
126080
14734
117750
172604
173393
373260
373497
10457
10853
95458
119524
139837
174822
176854
178164
7666
22748
57228
58119
17729
10590
120642
174364
10475
18679
19670
27449
57833
705510
10720
15250
138160
171355
55761
139536
173262
27222
28700
14614
167622
176465
9629
95453
171250
172398
10431
167012
173418
173521
176918
181300
10887
13497
15600
18072
57875
173257
173267
176911
10394
13709
28585
57685
58070
150178
174798
26599
55941
174360
177885
373216
16587
58126
15024
28224
708327
176896
10813
22750
10531
12337
172461
173074
9967
22730
140557
176378
177899
808384
10610
18812
10662
57928
173572
10691
173383
708303
126100
176849
10414
176917
17968
150356
176838
18056
119713
126115
167723
172615
172623
166540
183359
126116
151825
175107
14779
57236
173509
176864
10082
10405
54000
141448
173389
10420
10400
56505
176922
97189
175104
9081
78052
176915
10135
16640
10515
101678
117670
132957
172435
176832
17762
18114
117625
57826
174880
95540
133247
172611
181637
7068
9230
15435
16597
55831
56159
56704
180574
7780
22768
52535
171035
177715
828777
7150
18546
27654
173385
10713
13750
117757
741015
57348
173404
177207
178212
10561
10586
15702
97154
10574
26558
181325
19639
22758
57972
95523
139754
172425
10443
163876
172643
173586
9159
12693
95455
10530
10694
16788
136913
17954
18155
27226
126054
171308
177146
17615
52648
173408
175115
176893
705411
95503
172647
22769
10497
178146
57204
172429
9188
95451
172637
10923
171269
173439
164317
373396
10762
10842
705431
117624
120670
174869
19371
53815
55195
172559
173269
181262
139846
10490
10557
10511
708333
808385
866
12505
136835
173386
176952
9970
10446
15897
140666
12562
22740
126099
58011
117724
175131
10399
10527
57658
126062
173622
58180
137230
141446
18201
95571
166098
10504
10595
22774
58106
166186
171288
177199
10458
173581
176855
58144
174368
45531
176392
145625
164905
168114
172426
172606
181317
740974
8216
22751
55636
175149
10565
10863
15408
135417
139864
171303
174374
58174
97574
139732
172482
740968
22715
132980
176840
14258
171295
170998
178159
97664
168018
172603
10598
10732
57933
95529
95594
137861
174356
10480
95560
171313
176877
126064
9591
10214
10848
173474
177265
18483
167627
10925
27264
176899
708214
708311
120685
176845
176971
178155
7672
13843
174358
22719
173566
175140
177258
177892
10612
17698
10327
18521
10382
181239
705555
17561
55595
163787
10329
170784
172628
13248
135753
178149
17902
150147
172378
28185
117695
177256
178463
53526
174814
177895
19663
10036
15335
18514
176888
705410
177882
166157
173420
117697
173464
15870
16372
17883
175089
12148
22735
26569
140518
177911
177914
181290
10311
168064
172408
10387
13027
164961
10630
739114
17090
139715
55303
58128
136483
165015
172597
708318
15311
172612
173400
9653
10563
175173
10464
12641
175105
177719
10871
22599
178113
10184
95587
117748
17215
50427
10573
120650
175145
179549
15678
171321
10856
19902
22819
56518
136228
170992
9725
10681
57812
126065
163567
173460
174873
176902
8258
10744
96374
173272
175103
10832
172452
17999
27486
167709
9127
165719
177886
10505
10752
13436
117701
10690
10750
57961
176807
8356
10781
13716
172394
175143
176825
176924
10810
176788
177171
57960
117088
139801
150058
165775
7663
119700
120700
133287
171336
173029
175102
54331
96888
141430
57489
7251
9259
9965
52774
126123
150303
14211
116568
140807
172458
177720
58201
177901
9410
138147
177879
10356
28209
95574
95573
126121
172658
22734
97784
171302
22782
176839
8393
22724
28516
95456
117684
132981
172561
172640
95554
167374
54308
172616
176928
55661
172395
178150
12807
168229
171345
165810
166506
808371
22714
9239
10622
173268
177881
10366
13358
126106
172410
178154
10944
12877
55993
115338
172632
173423
175163
175535
28180
22723
126072
173276
176912
10108
141445
172653
9158
9213
10930
95506
373374
14574
15616
117702
140613
175090
14694
14990
176892
178177
10688
10878
176792
176956
177114
178207
7313
19924
56828
167722
172654
740962
12988
14591
19147
150538
172627
26903
58138
141427
173384
177713
9266
17080
132962
140541
17186
140698
10489
10608
97071
139480
140815
168274
808377
55000
172512
10391
10419
10591
126071
139565
163244
165811
10576
28669
139654
172436
174853
177894
10455
27503
144338
171257
139623
172377
150286
8287
10889
57970
117735
176962
56958
708306
12765
137592
181496
10070
10386
10949
16453
17771
126083
172415
172433
10580
117763
178948
9931
117685
173421
178202
10167
176629
10682
172434
174377
178213
117710
169080
176818
18154
117627
57881
95619
95569
180378
8375
166799
173493
8323
139859
177910
177913
28162
58050
181288
10379
27343
135781
54913
170663
56547
705537
133260
10674
174805
10547
12512
181285
22745
56932
140640
166005
176847
181436
55353
173476
174371
172412
173481
174816
176909
10851
17285
166004
173546
9994
10722
12604
137301
139857
174894
176804
176885
10692
166406
177162
10735
16584
139858
10494
176874
177188
132971
10642
10748
13060
173422
173528
180513
19948
107282
119734
178210
9133
9583
126128
10846
28134
126105
171306
177024
18643
19352
55360
167385
167390
9905
10544
13850
172663
176862
14089
53917
57980
10312
12613
138485
173419
13141
54243
176907
178168
13200
27171
163974
98269
126084
178188
10795
167979
172393
172403
181320
10368
117713
135533
10916
178189
10782
15803
171263
13187
132989
139840
373499
120654
176882
10619
13797
172520
177723
172399
172642
22746
95512
98148
173379
10424
13505
22756
117742
178204
9136
96927
812585
57656
126101
133263
176908
10395
57919
176828
13499
171897
13584
27731
28183
10929
10940
58037
140204
174372
10440
10952
22725
165717
10409
10483
101588
117768
177902
9689
10347
10687
136182
172438
117661
133245
171292
173584
10450
45589
57872
97359
172549
117756
140743
174821
9597
17930
172447
181345
10514
56393
133252
178158
181260
10403
27559
53869
172440
173265
173544
176846
175430
164744
176951
12816
117773
10581
10936
58179
136435
10080
174345
178186
373352
28176
13117
28147
117226
139556
13132
150334
170997
133249
173470
174875
180556
10632
705416
136744
174871
175132
373322
27986
135205
699959
10026
18035
8278
10374
28769
117711
45594
172449
172617
9235
9283
15859
172595
173038
176887
13823
172544
11959
16701
56889
173457
117715
172600
177020
77894
171298
174864
9140
10237
10897
55246
117722
172599
173391
139800
705420
10343
10934
13885
14647
171238
171334
7661
9337
172645
177897
137950
168278
373724
55982
177958
10381
10521
164585
174810
177235
95500
172397
10337
10815
10888
167602
181321
58012
18897
172551
740973
16672
58185
135631
176859
178166
741003
9548
10890
14606
16848
140710
174808
10705
95527
132965
140793
175128
28280
120681
171016
173260
10473
705396
740982
10542
95559
172660
173415
172420
175141
178156
95520
10617
10715
12927
15621
55824
133244
95526
132964
13252
55354
141435
176826
708350
117749
175109
7657
167220
173263
173462
176848
10672
117655
139655
141415
884
8298
10881
16271
16957
132955
133281
181279
16194
173079
178167
10541
28193
167921
171297
172563
10562
58608
171316
173053
173372
18127
117343
172648
175100
176831
177183
10739
53996
170144
172619
8409
27229
57724
96503
173417
15028
15874
126067
172646
178187
181095
10435
19274
22762
10800
126068
138202
178190
699969
9171
10024
10589
10926
27797
56695
140537
14837
15569
173402
173445
9223
10724
54695
117726
140540
373362
28571
134763
141387
171307
10552
18771
55940
57908
140668
173266
10398
10747
140152
22757
170178
19225
177900
164994
171318
181642
7200
19424
57861
58028
10568
10891
23297
120705
177189
10486
55294
57854
126094
172613
10373
95617
172596
10553
15737
17821
172418
28249
171258
172550
173368
373220
9192
173034
163982
12160
57292
139683
167376
172629
10488
27729
126088
139552
173370
176513
178220
8227
12523
22736
172432
9635
10361
12455
13884
57893
117764
133286
165996
175098
177263
178211
57924
178209
740977
10790
175135
176813
177164
708213
10721
27129
139879
140521
171910
173499
172602
173274
10392
126109
139842
22775
167404
172457
177880
10918
28510
126098
126126
170639
172652
12705
139523
173456
173547
178179
10459
58194
57864
172463
172529
7122
7674
10785
10845
176643
140786
171264
173373
7179
8319
10358
28647
117751
182079
9534
171959
172601
10032
10636
10847
173446
27551
145065
170633
173483
177711
27445
54675
150353
174851
177023
178171
166188
172638
176881
177007
178193
10801
10946
173430
174375
10609
140172
16673
65712
173578
176381
872
373323
117690
177912
19804
173533
10549
174900
177194
15545
126079
167591
173258
173570
174848
177018
140638
176919
14509
120712
27522
163870
173411
10818
136294
165992
172677
172594
57845
8379
27185
150392
10697
19643
28236
177187
7257
7664
9129
10869
10892
10451
16412
22776
708212
141404
119616
173058
177202
58083
57735
95553
126133
170763
172388
173035
174826
705512
172521
178194
10322
10920
18421
136486
176834
10411
15153
171324
178151
181118
166512
172384
174359
10616
58166
126063
142304
14959
139848
164486
171247
171323
10460
10518
1377
171348
95565
174373
180372
173524
181254
173440
9912
10660
163979
174843
19493
117628
135755
140760
167946
171315
172567
174820
175127
10168
10363
119710
10831
172431
373283
173270
175155
9948
10370
13721
15876
176898
10729
28645
168108
175142
14877
139656
173390
36046
57986
10492
173501
10369
10396
10476
95533
150438
8724
171325
10341
163807
171319
177168
27267
27496
137416
139838
173436
10712
27101
28153
57909
10753
173070
178198
10402
95591
173468
173255
173624
175168
95599
167676
705395
14425
55607
110872
10584
10879
173442
174800
741017
133246
166160
150206
167027
178215
10404
167208
134744
177182
10711
27423
175157
741005
26614
95606
10597
57075
10603
15838
117261
57914
172465
172593
173480
174804
10503
173271
820864
740995
177904
95515
10364
10841
26892
27619
57950
77962
139626
173489
176824
181268
9267
120678
174872
170762
180385
7060
10540
12447
14794
173577
10812
10864
10570
167621
177906
180371
705508
10909
173425
176895
96355
9650
18365
174874
15995
28245
58030
176483
178208
10477
95457
117682
7659
8394
18680
55156
173428
28131
54578
139352
176470
177262
95596
170403
167391
173261
173434
10742
10418
57867
133255
167926
58149
88102
172552
7277
8281
165998
54859
170623
172665
10339
11967
13570
28254
10855
177151
174348
708343
10517
17274
95542
141384
705401
172574
176860
177031
13244
57739
173583
135427
19337
58176
142274
171271
172651
117743
126077
55011
174813
176880
141372
172553
10566
10594
55207
15021
175174
117733
163821
170777
176835
10886
10922
27095
57911
163150
18735
55702
10811
12335
22765
18536
28515
178175
15302
10624
10651
166033
173081
55439
117704
164914
167241
175096
176927
9966
95581
10884
58163
141432
172417
176844
13767
10551
18350
27046
55876
173027
10401
10502
15652
19606
97761
126095
176817
740969
165710
173414
173450
27253
176866
10164
10425
27098
136793
171342
175164
137747
139484
172446
177905
181624
22739
126118
177224
177253
95519
166328
19779
97531
28204
15481
173037
173478
373199
10787
95539
96485
14092
126104
178147
9925
126058
132995
174841
10602
174823
177270
10267
27184
173574
28281
27506
57977
138676
10761
58151
175121
10170
15636
58071
141436
171340
126092
708331
171273
178197
10342
16070
10587
14237
173538
120715
10263
170067
172560
173454
176819
178178
141419
150507
176493
180499
9152
10436
140726
18332
28159
117718
9529
17710
27864
173579
170647
141371
173375
177915
172493
10567
172575
117770
7312
10935
13754
17110
95566
167235
10482
137412
171266
13711
13859
843065
10564
10837
139798
175161
8285
10718
65521
171335
28259
173088
10849
137008
168012
9576
15416
28513
58008
172562
172565
10523
10945
95514
164908
169183
10278
126089
173057
15476
27364
117716
167635
172478
173380
175158
707399
165198
173472
177198
373440
10048
28233
58004
140611
140775
140787
164913
177889
10903
15183
163105
50061
126112
10823
136886
172676
173484
181310
19608
95516
163989
168060
175159
149984
176803
181289
10375
172624
178176
10481
150486
55966
175545
837183
133242
57999
135032
22742
95583
177010
10500
10880
17078
95538
117772
741016
8259
10357
55860
58131
140782
163817
178900
136237
163993
12339
166128
180455
171262
705407
10583
58625
136668
146921
178219
10441
10835
17322
57895
119707
168017
171243
163797
178200
1432
56719
117766
120684
170923
173504
10439
17132
173410
173575
176559
705436
58041
126060
139836
150511
176921
27695
126059
133269
178182
14628
16023
17093
139323
167983
171314
172504
13654
117734
132985
140503
10620
58135
174881
175094
176910
176916
708344
10171
138741
171276
173502
177893
10354
95572
171245
10462
12745
15769
117738
13098
171272
173616
10410
172610
175171
9688
10352
10623
10893
58025
171328
53825
57879
176914
10579
10703
15483
96375
172422
176858
10767
174807
705414
117732
177716
178184
10912
117660
175133
179696
10499
10641
173432
176436
10508
54889
173043
181295
22664
120708
173039
811467
10484
141440
172530
10569
10865
167715
171338
10859
53839
10390
10556
58143
173576
175114
10340
126048
176545
176958
22738
54893
175099
176972
178165
7433
28199
173580
117647
172622
10393
12080
17005
10677
18909
27397
58195
132966
705397
10698
10749
171014
175172
10474
56104
181249
10158
170111
172448
173475
177972
172666
181470
373351
117728
55295
167945
740987
10415
58186
58203
140374
173388
98218
175156
15069
181309
373627
10426
28163
10101
136208
117727
171327
172664
10555
10611
173573
10349
10353
56389
9177
10592
12084
55180
57922
164491
173482
57295
10663
12262
170822
174343
11997
22760
172419
176987
28137
52359
141376
139545
174346
133256
174378
58168
173452
141416
171326
172667
177159
179308
373494
10680
175146
10526
10701
95546
164596
164990
170866
173403
176810
22729
22779
10539
22771
95570
117692
52593
141385
15082
172442
176852
740978
7452
15506
28541
165178
171317
174840
175152
176913
177883
373315
139625
1454
97949
117693
95502
117737
177896
10615
56208
58171
172668
10625
57349
705404
9247
9983
139839
167047
17774
57925
58061
126102
173615
708309
10138
15034
117436
117609
19821
54397
57958
57842
58072
7671
10429
55788
57991
119529
174369
22786
133253
10406
22747
55213
139546
140390
12788
16739
28640
178183
10858
56998
139747
176889
28240
141434
10915
139643
136289
172631
97864
178435
7100
10432
95459
18112
167648
9082
10657
10783
166808
172411
172678
13123
16599
57294
133284
141403
17658
141437
172441
174354
10689
14423
17118
101695
134729
171280
171299
171339
181259
9982
10116
10338
10479
28200
56004
173467
14366
174347
175113
23276
53413
95580
175106
10385
57258
170684
8265
10253
55884
10371
60356
139636
172618
172406
17490
22833
22754
26596
95582
171242
172609
144598
12149
15234
57907
174890
18777
172669
740961
54318
57978
173068
173453
176471
176843
181123
10076
28166
172556
150165
167231
172473
729446
28439
171329
180585
10639
55544
174376
10461
133935
808376
10189
10743
10780
10819
12439
14690
176933
170135
175101
373208
10702
22752
117602
173406
174339
171296
126085
165801
15159
133273
10942
176923
705406
95544
137092
173435
174362
57667
95609
175130
9715
18217
165046
167974
173549
8330
95545
175148
95625
10593
22737
133262
172498
10844
166514
171252
10726
17791
19381
135544
177710
26611
172644
10914
56896
95562
139854
708307
10528
57840
117648
165986
171235
172605
54345
168246
173471
173571
27678
28426
98052
172439
10433
163194
172427
178185
9265
10799
174844
178160
7322
27341
139653
172424
173275
181306
10328
10407
10559
173523
177266
57938
117719
95462
139555
10485
10917
139624
808370
7662
10456
140160
172492
9617
12438
175124
713451
15820
16731
117714
150250
176576
178216
97226
173567
172401
173620
705398
10372
56533
132974
144399
10571
95490
139651
166991
174850
95505
176652
9229
12204
27415
167770
173448
176959
9378
373505
9987
55245
120653
740963
28135
179436
373349
28206
173449
173479
180379
10627
140491
171354
172650
175162
19407
55100
57903
96666
171040
717356
174847
56634
172400
173473
16861
140756
177916
10875
176714
10772
27323
9697
27092
163580
19575
57316
163578
171015
15576
22773
52469
126055
172467
172497
175122
117650
139810
173376
10733
13753
95525
117771
140488
740972
9294
14692
22784
26603
172621
173273
117683
58183
141377
166001
176870
177160
95620
178157
164404
10384
10924
19953
54613
15002
117632
126129
133248
10133
10447
17631
58160
140542
78273
172532
172641
28078
175108
176865
14625
9639
57804
119593
126108
137406
165997
176903
19009
175154
10437
10740
171291
165985
11971
56614
173621
135104
173394
177721
10194
19674
172387
139694
172511
172542
172630
177099
180575
17072
58023
373230
58033
126093
171251
177257
705441
10868
95501
172468
133279
139606
56961
171301
171346
175166
176861
10422
16406
117753
173433
181273
119738
150460
168296
174911
165751
171261
175123
10293
28448
10774
176872
56661
57930
9232
11964
175091
10741
19661
10786
58136
117600
126119
176891
181282
9221
27489
10676
19671
28168
173066
178169
17827
126051
174366
7365
14408
28222
126103
173617
9553
166498
139825
172469
9643
9936
56834
126091
177888
135168
173080
176841
179541
10548
10877
16111
136967
13662
16446
56775
95556
170149
173056
58158
132952
139544
173522
22749
174361
705511
708354
171320
175134
176829
178367
813911
10678
173259
10894
12633
177884
12926
56455
136264
176811
10937
141406
176955
56656
57966
139644
145701
176897
10867
13083
58152
117730
174846
177045
10377
12660
55874
166777
171380
9589
171282
173412
165807
171330
174912
65010
178173
18359
140806
141442
173253
176904
10442
55752
56162
58007
177009
10213
166918
173416
28160
137695
166155
167939
176557
170875
8272
10039
10144
10495
138053
150454
10510
117448
176863
10578
22728
95528
181283
17714
28073
56864
165468
177708
12208
15833
171286
808394
