sample_id
179425
171772
16387
55440
179114
11973
135865
140760
169097
134652
374725
52648
53243
9141
153885
22834
138355
57786
178455
134647
135763
134643
22863
17093
174814
17231
57779
54662
168493
166052
140626
22600
140204
144605
10671
57950
134775
375160
50057
165497
117144
10680
11960
133845
22811
134645
14694
57824
23383
141427
98227
17490
178624
153893
88124
52359
165166
117160
134669
179431
12438
179583
117648
14092
140390
50042
178459
166553
179139
135778
167123
12204
52774
57803
139855
23021
140726
178442
23386
140172
141819
135767
9928
179036
153876
135860
13694
140793
178976
23374
47502
64644
176914
137394
16511
8046
97041
135753
171959
166555
176935
116518
57980
178431
117410
134665
65221
16453
53506
177880
183132
136924
179166
164501
23789
178441
57815
57861
22842
178904
14462
11963
139790
22855
57787
135170
96931
174921
178967
150131
