sample_id
18850
26976
27397
811950
820977
27528
708242
708339
811764
8350
10213
708205
26238
27709
14086
811803
808402
811784
10727
808400
708260
28688
373247
9343
17343
708221
811863
7134
811581
811789
812541
811844
26252
10494
22228
811698
24403
708308
167113
812523
25852
708326
9604
812669
9533
28657
10560
811517
811592
708215
708316
811430
820984
7204
27836
811676
811775
25517
708229
27474
28282
811837
28601
811460
933870
10088
10584
27696
27374
820852
10079
22422
21689
150431
811934
10678
88081
811639
811753
811791
119632
10694
175711
812543
811725
811794
12181
28545
811437
811674
933874
8648
148034
811632
811738
811884
19251
27293
933875
811704
811788
820978
713436
147630
27107
811541
10491
8302
164389
811215
10677
9700
27369
9082
26465
811446
811705
26352
705451
8570
8733
27066
708238
12554
28046
25845
26314
7086
811467
811633
8366
10111
28502
373317
811739
26243
27640
7103
27945
10101
15597
28692
34588
10063
708203
811805
811917
811663
9275
57718
708202
9421
27502
708353
9591
9642
10619
811508
811573
812532
820996
933872
811903
26302
28655
373231
811818
9973
7252
811848
9389
811728
811533
811659
9188
18816
811587
9548
56072
8587
9694
27880
88110
811811
10008
10093
169075
140545
811677
8390
811711
812526
17066
708350
27343
811740
7051
10094
21645
21613
148021
12707
811696
27694
811604
811427
10475
713455
9118
811211
811778
811747
9192
27359
811497
10946
60356
9672
12757
22175
21854
811779
10781
708218
155558
373378
811796
27354
10472
811601
56133
790221
57764
811606
708208
933865
155505
811968
27899
708257
811799
811806
27033
28647
9576
811598
7170
101703
811769
820980
811898
28014
140668
147952
811821
26794
13433
12328
10044
150359
812522
28667
373382
811699
708240
811716
26668
811218
10571
811489
811815
808405
811575
8578
10780
373416
811217
8255
18412
27657
708226
10681
373196
8352
13718
811564
8331
140703
171385
10513
708346
9390
28546
808383
820988
8697
10823
175649
811682
13090
811506
26712
134663
148165
373310
28160
373250
821012
828777
26848
27425
27428
9934
10709
811708
811826
16761
27399
811631
808414
811688
27349
808366
27855
708235
811707
10049
8307
10825
27990
811751
708342
808382
26125
811909
88105
811730
373328
933869
88090
811594
27552
811918
13784
811790
820990
811453
9265
10632
27436
15663
10428
713438
10096
27634
58577
10688
14279
27560
9938
27255
28614
58619
811809
10698
27953
147603
705459
811829
9544
10161
27597
811544
9986
8326
10674
7065
811832
22203
26785
708212
28510
57252
811782
811865
811781
811820
811926
10363
18902
708352
27486
27431
811743
811496
151626
811679
27321
7066
8396
9905
10940
88116
27281
8385
705411
811611
811943
27510
708358
811946
820965
9340
25743
28492
811461
141435
9374
8253
811522
828785
373273
26322
708361
8368
24986
811583
812529
27095
811428
57511
16275
56896
175732
811684
811754
26548
811261
811793
811942
811813
10680
790222
811967
8542
811563
9163
708243
708307
9589
7363
155608
811687
811963
828782
28127
147611
28525
26072
811623
27835
27406
708217
83926
808397
812528
27355
811549
812524
373214
19546
27443
16093
58147
26104
167120
811457
811494
811905
8397
811438
7368
8357
151571
8712
150817
811666
9140
10622
27697
808403
9711
155503
811762
27101
27710
373330
20772
19713
151504
28567
10777
16848
8652
14808
83922
88096
7116
27263
151523
811770
88113
27669
811839
373349
811500
26860
10851
10592
13899
811932
820981
8430
811539
155495
9387
705392
21660
811465
820831
27891
10298
13838
10630
148039
140517
27104
119753
373297
10103
9913
26067
26274
26873
811608
811627
811729
811480
10772
373199
9248
26755
101636
9595
16350
811773
19017
811212
10437
811603
18643
151694
820979
10085
708354
811966
17742
811574
828783
7112
18601
811597
27384
19985
7348
9370
811692
821018
811509
811766
811455
10439
22272
27663
27500
28529
811452
811906
9391
811470
811785
933876
10109
27559
151537
811792
708231
26892
26256
9912
10642
811742
811755
811643
10454
811812
28760
14600
155611
811585
811860
373305
9367
27529
27854
708209
25144
27853
811701
27239
26858
8332
14051
811814
26316
28513
9609
10047
27943
132949
811776
10750
811935
9569
811768
811759
12728
10621
811750
10766
933863
811610
28015
167406
808417
27396
811960
821000
8281
811748
811717
26704
27703
10004
10105
27590
119718
15797
27326
147894
27383
811538
10776
811567
7233
373432
9572
811507
790260
57763
175692
175702
811449
8320
146896
828778
58171
10740
28448
28680
25026
820857
811599
139524
123506
811797
811872
20947
25362
27363
10858
26106
26963
811615
8345
27341
373318
811432
7146
26248
27373
708216
820875
8263
811665
8336
26088
811780
155626
811873
8595
28620
811644
837190
808371
811433
27423
811735
28653
811582
811777
28496
7057
9985
811647
373226
27108
10596
27411
26158
50137
55965
812513
10598
10122
708204
9393
10732
18073
27699
741016
58054
811260
21087
811565
811879
21720
708232
14366
26224
27098
27456
7064
811902
8321
811851
27268
13052
811732
27482
28665
811861
811620
811712
148012
27417
27913
9394
83925
811714
10724
27909
147643
708233
15504
27455
155552
811435
9627
9730
705458
10611
28588
811721
25352
19369
811765
811875
27530
811619
8421
15818
811629
811913
811930
27695
28395
28606
28638
26939
373266
9970
88095
708309
811763
13779
19340
811842
26060
708340
811556
812534
27347
811570
811515
27872
373238
708213
9385
9081
10468
8338
27692
713435
837188
25795
24865
811700
57832
88125
708228
27506
811439
811771
811921
9225
10113
10747
25908
26840
373333
7073
155605
811451
8346
10458
46757
7050
48186
25141
9414
150922
50420
9368
811737
811810
811534
811723
7074
9652
21700
26698
8634
10729
26928
843174
28610
811745
8319
25100
10446
27685
27555
27152
26267
28660
26231
27962
10862
811859
48220
811448
373406
705457
10084
16500
26000
45741
7055
88098
10012
175641
811834
10070
19326
811703
26170
56973
88126
57940
175645
8651
27862
811868
10015
27432
811787
10469
708224
10302
820853
811795
10011
25991
27173
26262
88115
811572
811505
167441
27415
27332
7325
811441
811713
811761
9160
10059
16398
147594
373462
27496
25736
811562
14452
28670
88124
811911
10612
10624
28516
155509
13390
7078
150979
811532
811569
811741
811536
820986
9220
27372
811548
7109
10074
708314
811660
26148
155604
811621
811757
820887
811454
9559
26907
811852
27729
13544
27361
15811
811760
28658
811525
12362
811596
57591
10057
837187
27401
808385
811693
13161
28662
140756
811947
811429
811649
8680
28635
8318
17577
26658
27161
27391
148190
148343
811731
8534
25755
27441
10692
139747
8265
811910
811718
708330
373512
9724
26904
373460
7139
10297
27619
8272
14409
88118
811618
26020
27842
9396
88111
8855
811521
9214
811484
811635
811678
811800
7371
10625
25953
57361
10021
811605
811513
11997
811524
811746
88092
10201
77929
811869
373331
811685
10253
57533
811554
708327
27370
708237
9461
27970
40654
57726
27907
811504
13261
26862
790224
9215
55947
708304
811612
811727
9647
27129
811652
10701
56952
9971
708337
811514
28532
708343
811552
12634
708250
8310
25143
21695
808409
811849
8585
27429
27910
10641
811492
811850
28302
811767
151645
811724
16000
155570
811736
811954
151505
27545
9975
10095
135636
28652
808411
78118
820992
811949
837189
373280
708227
180672
373253
811816
8288
27922
28121
708236
811965
10450
16446
28540
55664
811447
811576
811817
811464
811617
147900
140661
811537
155574
373326
373446
10691
7524
9643
180589
373332
10147
7053
27477
15614
9376
373397
27352
14563
9532
26884
57722
698641
26620
708349
8250
811658
17298
811858
28643
28640
155572
713441
811927
812527
9199
10309
8323
8349
27900
155492
811749
811900
811798
27653
168465
10690
21686
811578
811616
24905
811901
9615
27271
708356
175717
708225
27303
180390
13611
14050
808404
811944
808406
808378
155610
811512
8353
8705
10370
811491
811756
10083
28596
26228
27430
811531
708230
9392
19540
58139
811846
28762
10857
10878
27350
812542
811702
25114
8283
16110
140575
16013
17951
811600
811720
26634
27324
148044
811568
10935
27993
708223
811613
708347
8709
10017
811516
17060
13029
139597
7129
101509
26120
811493
713433
811589
828786
26078
12771
10490
27365
28461
14404
24902
811945
8339
373319
811638
10155
811722
57757
155612
811640
811683
13956
27930
811655
811774
17605
811772
148235
10715
373309
19504
708206
811744
837185
811671
820846
821003
140736
811553
28608
55085
60373
137121
147926
14496
27624
175555
7149
18164
811955
119627
27601
373227
9593
27261
28251
811646
811636
811808
24911
13794
27781
811634
25984
811641
9137
27297
88102
57864
811870
7132
8344
373367
811624
9395
10713
811681
708239
9551
27975
17636
148294
50140
9422
811580
10580
811802
27454
708365
811964
9083
14145
27582
811498
42126
8571
26498
27413
28656
790043
811566
58144
9419
21575
373234
708220
811758
7344
8615
28408
811637
812517
373383
10097
155651
708211
708234
811540
811807
7052
18155
837183
811733
10132
170349
10082
708247
25348
27466
28429
167545
373403
25990
27526
78001
88117
150951
10346
27895
811752
25119
373242
88114
9228
373380
708214
10609
17779
150968
708341
373392
811479
26212
373270
9925
811726
